0.pcd -4.89207e-06 6.20782e-06 0.000632547 0.999864 0.0078423 -0.0145215 1.90987e-05
1.pcd 0.507572 -0.0037518 0.019608 0.999858 0.00453269 -0.015751 -0.00384754
2.pcd 1.01166 -0.0354494 0.0121198 0.99957 0.00315653 -0.0127285 -0.0262316
3.pcd 1.51615 -0.0651721 -0.0246521 0.999352 0.00384302 -0.016427 -0.0318044
4.pcd 2.02404 -0.103459 -0.0397829 0.999249 0.00245333 -0.0163621 -0.035051
5.pcd 2.52481 -0.144767 -0.0603776 0.999218 0.00349609 -0.0157894 -0.0360742
6.pcd 3.0234 -0.183863 -0.0656448 0.999108 0.0034862 -0.0192935 -0.0374078
7.pcd 3.53456 -0.221141 -0.0723025 0.999223 0.00452417 -0.0163314 -0.0355805
8.pcd 3.6011 -0.182642 -0.0721169 0.997972 0.00801331 -0.013854 0.0616068
9.pcd 3.64621 -0.130589 -0.0699041 0.987475 0.00978617 -0.0125484 0.156971
10.pcd 3.63083 -0.0920974 -0.0707333 0.968505 0.0128828 -0.0109804 0.248418
11.pcd 3.73367 0.0269634 -0.0695165 0.941302 0.013664 -0.00935565 0.33716
12.pcd 3.76398 0.105385 -0.0676865 0.907539 0.0154065 -0.00802039 0.419608
13.pcd 3.76139 0.161305 -0.0685565 0.865656 0.0176266 -0.00609804 0.500292
14.pcd 3.74436 0.223863 -0.0661307 0.817313 0.0195598 -0.0036301 0.57585
15.pcd 3.8894 0.713531 -0.0781622 0.80143 0.0164187 0.00083327 0.597863
16.pcd 3.98736 1.22355 -0.0805003 0.758073 0.0217921 -0.00163658 0.651804
17.pcd 4.03205 1.72507 -0.0985222 0.738013 0.0224146 -0.00237813 0.67441
18.pcd 4.07066 2.23505 -0.0976464 0.730927 0.0216599 -0.00198203 0.682109
19.pcd 4.10361 2.75233 -0.0997403 0.728328 0.0209401 -0.00203886 0.684906
20.pcd 4.1385 3.26836 -0.113535 0.728671 0.0204644 -0.00264146 0.684553
21.pcd 4.17378 3.77608 -0.117214 0.729837 0.0200968 -0.00330211 0.683317
22.pcd 4.21229 4.2901 -0.119668 0.73141 0.0196821 -0.0026018 0.681649
23.pcd 4.25247 4.79044 -0.12576 0.733013 0.0209544 -0.0030813 0.679885
24.pcd 4.29781 5.30216 -0.131506 0.734594 0.0205881 -0.00265281 0.67819
25.pcd 4.34253 5.80014 -0.135624 0.736804 0.0204738 -0.00245452 0.675792
26.pcd 4.39256 6.30906 -0.139639 0.738603 0.0193875 -0.00139031 0.67386
27.pcd 4.44611 6.82343 -0.148064 0.739992 0.0208112 -0.00156767 0.672292
28.pcd 4.49861 7.33597 -0.149243 0.74244 0.0220592 -0.00151547 0.669547
29.pcd 4.55848 7.83858 -0.142819 0.742422 0.0208863 -0.003812 0.669596
30.pcd 4.6155 8.34994 -0.150778 0.74393 0.0210397 -0.00332961 0.667917
31.pcd 4.67294 8.86255 -0.159208 0.745775 0.0218926 -0.00358921 0.665828
32.pcd 4.73536 9.37933 -0.163263 0.748093 0.0211504 -0.00396149 0.663245
33.pcd 4.80294 9.90075 -0.173237 0.75012 0.0221123 -0.00376088 0.660921
34.pcd 4.85774 10.4081 -0.179917 0.737737 0.0223918 -0.00393644 0.674705
35.pcd 4.87439 10.9159 -0.185942 0.71758 0.021257 -0.00404284 0.69614
36.pcd 4.88179 11.4349 -0.187953 0.710766 0.0200739 -0.00301302 0.703136
37.pcd 4.88487 11.963 -0.188022 0.70719 0.022856 -0.00413263 0.706642
38.pcd 4.88576 12.4698 -0.187176 0.707172 0.0204626 -0.00394479 0.706735
39.pcd 4.89341 12.982 -0.186656 0.709202 0.0212204 -0.00428168 0.704673
40.pcd 4.89515 13.5062 -0.191447 0.71001 0.0218858 -0.00285589 0.703846
41.pcd 4.9039 14.0225 -0.184729 0.712343 0.0186801 -0.00348605 0.701575
42.pcd 4.90721 14.5401 -0.180279 0.714079 0.0210079 -0.00673659 0.699718
43.pcd 4.92544 15.0454 -0.18156 0.715338 0.0188454 -0.00255925 0.69852
44.pcd 4.87198 15.104 -0.182878 0.642045 0.0211511 -0.00171245 0.766373
45.pcd 4.83325 15.0892 -0.181779 0.568197 0.0218742 0.00079363 0.822601
46.pcd 4.78931 15.0641 -0.179878 0.486535 0.0235172 0.00228773 0.873342
47.pcd 4.75487 15.0383 -0.177386 0.405442 0.0240015 0.00332207 0.913799
48.pcd 4.72605 15.0034 -0.176923 0.320594 0.0251023 0.00495693 0.946871
49.pcd 4.69296 14.956 -0.176054 0.228114 0.0251747 0.00719949 0.973282
50.pcd 4.68106 14.9072 -0.17674 0.127202 0.026256 0.00895479 0.991489
51.pcd 4.68286 14.861 -0.17767 0.0304364 0.0253561 0.0114943 0.999149
52.pcd 4.18282 14.8988 -0.169397 0.0351113 0.0227652 0.0118595 0.999054
53.pcd 3.67376 14.9346 -0.176076 0.0371195 0.0215401 0.0120148 0.999006
54.pcd 3.16198 14.9785 -0.175481 0.0396575 0.0239789 0.0122174 0.998851
55.pcd 2.66042 15.0232 -0.176877 0.041833 0.02407 0.0145347 0.998729
56.pcd 2.1505 15.0706 -0.167568 0.045322 0.0242654 0.0146562 0.99857
57.pcd 1.63996 15.1163 -0.162847 0.0480824 0.0240811 0.0157833 0.998428
58.pcd 1.12836 15.1684 -0.161421 0.0513637 0.0233087 0.0166455 0.998269
59.pcd 0.631308 15.2268 -0.156527 0.0538612 0.0218755 0.0144739 0.998204
60.pcd 0.118398 15.2863 -0.161791 0.0562212 0.022467 0.0147176 0.998057
61.pcd -0.383913 15.3455 -0.15775 0.059688 0.0220547 0.014727 0.997865
62.pcd -0.900884 15.3735 -0.157894 0.00704802 0.0221553 0.0162521 0.999598
63.pcd -1.40307 15.3744 -0.161251 -0.00410961 0.0223257 0.0149448 0.999631
64.pcd -1.91318 15.3819 -0.160674 0.00894467 0.0209613 0.015734 0.999616
65.pcd -2.41458 15.4023 -0.161922 0.0182387 0.0239818 0.0145964 0.999439
66.pcd -2.93028 15.433 -0.160405 0.0250842 0.0224126 0.0140451 0.999335
67.pcd -3.44451 15.4674 -0.159516 0.0293747 0.0247712 0.0132846 0.999173
68.pcd -3.94371 15.5005 -0.147331 0.0340941 0.0224995 0.0151192 0.999051
69.pcd -4.46149 15.5425 -0.14588 0.0365879 0.0200163 0.0166785 0.998991
70.pcd -4.99509 15.5855 -0.147291 0.040398 0.0217837 0.0132976 0.998858
71.pcd -5.49419 15.6315 -0.145716 0.0419931 0.0240472 0.0122133 0.998754
72.pcd -6.00101 15.6754 -0.146529 0.0454379 0.0238371 0.0123846 0.998606
73.pcd -6.52762 15.7311 -0.148083 0.0477043 0.0229226 0.0125455 0.99852
74.pcd -7.03714 15.784 -0.150731 0.0515562 0.0215089 0.0144729 0.998334
75.pcd -7.55289 15.8441 -0.152122 0.0544955 0.0251413 0.013563 0.998105
76.pcd -7.04019 15.793 -0.154718 0.0518236 0.0223597 0.013771 0.998311
77.pcd -7.27207 15.7588 -0.16081 -0.0536962 0.0266501 0.0149212 0.99809
78.pcd -7.25553 15.7098 -0.154635 -0.157046 0.0246842 0.0162737 0.987149
79.pcd -7.2317 15.6661 -0.152673 -0.261142 0.0223145 0.0189487 0.964856
80.pcd -7.19558 15.6278 -0.155362 -0.361977 0.0221869 0.0198822 0.931711
81.pcd -7.14961 15.5946 -0.154478 -0.459989 0.0208361 0.0218699 0.887411
82.pcd -7.09309 15.5637 -0.151598 0.553333 -0.0175497 -0.0230363 -0.832457
83.pcd -7.04502 15.5573 -0.152826 0.641777 -0.0163744 -0.0224205 -0.766389
84.pcd -7.06552 15.05 -0.142217 0.672552 -0.0126799 -0.0237547 -0.73956
85.pcd -7.12381 14.54 -0.145718 0.671882 -0.00836503 -0.0201605 -0.740336
86.pcd -7.17672 14.0395 -0.138737 0.669701 -0.0121245 -0.0226412 -0.742187
87.pcd -7.23334 13.519 -0.136988 0.666861 -0.0111309 -0.0231904 -0.744738
88.pcd -7.2963 12.988 -0.141296 0.667174 -0.0131683 -0.0216783 -0.74447
89.pcd -7.3144 12.4554 -0.134411 0.693142 -0.0130612 -0.0214357 -0.720364
90.pcd -7.32714 11.9525 -0.137896 0.701671 -0.0149057 -0.0215907 -0.712018
91.pcd -7.33734 11.446 -0.142458 0.705056 -0.0141422 -0.0206557 -0.708709
92.pcd -7.35481 10.9183 -0.125549 0.697175 -0.0143561 -0.0183736 -0.716522
93.pcd -7.37503 10.415 -0.129626 0.689689 -0.0147989 -0.0221359 -0.723616
94.pcd -7.40363 9.88764 -0.126724 0.683577 -0.0109982 -0.0237613 -0.729409
95.pcd -7.45202 9.35165 -0.133761 0.679422 -0.0102011 -0.0227729 -0.733323
96.pcd -7.49896 8.81086 -0.1229 0.67691 -0.0113199 -0.0223706 -0.735639
97.pcd -7.5496 8.27424 -0.137329 0.675331 -0.0122914 -0.0220768 -0.737082
98.pcd -7.59908 7.776 -0.12676 0.67365 -0.0185869 -0.0205443 -0.738531
99.pcd -7.65465 7.24267 -0.111256 0.671304 -0.0127117 -0.0192101 -0.740824
100.pcd -7.71481 6.70469 -0.119098 0.669563 -0.013489 -0.0181739 -0.742411
101.pcd -7.77471 6.17016 -0.109614 0.667271 -0.0126426 -0.020465 -0.744426
102.pcd -7.84277 5.63323 -0.114766 0.664259 -0.0112904 -0.0216281 -0.747104
103.pcd -7.902 5.11841 -0.116461 0.661152 -0.0102096 -0.0226491 -0.749841
104.pcd -7.93519 4.60387 -0.106114 0.68766 -0.0104038 -0.0221089 -0.725621
105.pcd -7.95375 4.10272 -0.107632 0.696734 -0.0134819 -0.0233932 -0.716821
106.pcd -7.96753 3.57525 -0.102288 0.700215 -0.0140144 -0.0207664 -0.713492
107.pcd -7.98888 3.05381 -0.0745644 0.68786 -0.00996691 -0.0204682 -0.725486
108.pcd -8.04008 2.55002 -0.123973 0.678442 -0.0184271 -0.0260868 -0.73396
109.pcd -8.08041 2.05093 -0.0819834 0.673913 -0.0171718 -0.0289694 -0.738042
110.pcd -8.1303 1.53422 0.00378045 0.671711 -0.00803031 -0.0199034 -0.740502
111.pcd -8.17755 1.01685 0.0115212 0.66959 -0.0146619 -0.0214152 -0.742277
112.pcd -8.15842 0.707287 0.0140076 0.732089 -0.0105865 -0.0201058 -0.68083
113.pcd -8.11609 0.715054 0.00905512 0.789112 -0.0127213 -0.0222302 -0.613716
114.pcd -8.07875 0.731422 -0.00248111 0.848423 -0.0132737 -0.0254825 -0.528539
115.pcd -8.04004 0.761841 -0.00447644 0.897221 -0.00961786 -0.0243061 -0.440808
116.pcd -8.01592 0.801276 0.00766331 0.93663 -0.00475221 -0.0218515 -0.349606
117.pcd -7.99054 0.839996 0.00500397 0.966461 -0.00234764 -0.0208254 -0.255958
118.pcd -7.9764 0.878353 -0.00101254 0.98617 -0.000133425 -0.0197855 -0.164552
119.pcd -7.51682 0.825439 -0.0250486 0.996703 -0.00141112 -0.0239828 -0.0774963
120.pcd -7.00942 0.759037 -0.0357252 0.998144 -0.00387267 -0.0250423 -0.0553721
121.pcd -6.49225 0.709693 -0.0369734 0.998702 -0.00110768 -0.0218549 -0.0460045
122.pcd -5.9891 0.687088 -0.0314659 0.99976 -0.00114868 -0.0215878 -0.00364828
123.pcd -5.46154 0.742417 -0.020605 0.99881 0.00339236 -0.0186806 0.0449285
124.pcd -4.94292 0.769771 -0.0167046 0.99952 0.00583242 -0.0194112 0.023413
125.pcd -4.45514 0.714174 -0.0200468 0.997511 0.00236544 -0.020941 -0.0672943
126.pcd -3.94366 0.565965 -0.00877515 0.99097 0.00133335 -0.0212406 -0.132386
127.pcd -3.43161 0.409407 -0.0064907 0.989088 0.00223393 -0.0175647 -0.146255
128.pcd -2.92435 0.293403 -0.0174966 0.996073 0.00358845 -0.0163169 -0.0869395
129.pcd -2.40522 0.253363 -0.0288235 0.998938 0.00588959 -0.0166018 -0.042579
130.pcd -1.88115 0.217507 -0.0130029 0.999271 0.00332997 -0.0187776 -0.0330627
131.pcd -1.375 0.180602 -0.0146563 0.999422 0.00266291 -0.0178102 -0.0288313
132.pcd -0.866244 0.139137 -0.000576771 0.9994 0.00205699 -0.0139424 -0.0316479
133.pcd -0.357133 0.0922795 0.0147737 0.999007 0.00458602 -0.0126122 -0.0424905
134.pcd 0.146626 0.0432171 0.0011683 0.998686 0.00179545 -0.0133863 -0.0494311
