0.pcd 1.80119e-06 -4.73801e-06 0.000380236 0.999906 0.00730501 -0.0115914 4.4292e-06
1.pcd 0.510632 0.0173203 -0.00523744 0.999842 0.00708477 -0.0163158 -0.000490852
2.pcd 1.02428 0.0114749 -0.0116836 0.999863 0.00478386 -0.0153619 -0.00378246
3.pcd 1.52672 0.00366105 -0.0137993 0.999828 0.0047512 -0.0170819 -0.00552158
4.pcd 2.02903 -0.00421128 -0.0135103 0.999802 0.00515756 -0.0175027 -0.00789829
5.pcd 2.57478 -0.0173384 -0.0201697 0.999822 0.00399595 -0.0145127 -0.0113344
6.pcd 3.09921 -0.0327825 -0.0311428 0.999817 0.00302519 -0.0133676 -0.01331
7.pcd 3.61342 -0.0498342 -0.0332707 0.999728 0.00359279 -0.0165196 -0.0160888
8.pcd 4.15536 -0.0726347 -0.0349146 0.999646 0.00243723 -0.018298 -0.0191394
9.pcd 4.71344 -0.0970901 -0.0370336 0.999658 0.00490176 -0.0132163 -0.0220154
10.pcd 5.24191 -0.122871 -0.0421336 0.999534 0.00667775 -0.016185 -0.0250189
11.pcd 5.76444 -0.154315 -0.047917 0.999443 0.00550733 -0.017208 -0.0280492
12.pcd 6.31628 -0.187393 -0.049762 0.99941 0.0050882 -0.0162709 -0.0298261
13.pcd 6.82511 -0.224096 -0.0549826 0.999348 0.00488404 -0.013653 -0.0330573
14.pcd 7.33261 -0.262248 -0.0630039 0.999258 0.00629567 -0.0152439 -0.0348085
15.pcd 7.88062 -0.308996 -0.0682644 0.999145 0.00649748 -0.0146762 -0.0381126
16.pcd 8.42368 -0.355139 -0.0738569 0.999099 0.0035738 -0.0119609 -0.0405634
17.pcd 8.98428 -0.407487 -0.0805982 0.998948 0.00353373 -0.0133814 -0.0437276
18.pcd 9.50654 -0.433529 -0.0807387 0.999845 0.000547152 -0.011915 -0.0129821
19.pcd 10.0524 -0.411299 -0.0915595 0.999794 0.00434257 -0.0130884 0.014916
20.pcd 10.558 -0.410194 -0.102098 0.99988 0.00427303 -0.0137943 0.00563082
21.pcd 11.0829 -0.4167 -0.0978393 0.999758 0.00598666 -0.0207026 -0.00448723
22.pcd 11.5956 -0.429407 -0.0976948 0.999738 0.00468107 -0.019097 -0.0116822
23.pcd 12.116 -0.445498 -0.108896 0.999871 -0.000230242 -0.00337985 -0.0157106
24.pcd 12.6286 -0.46265 -0.11982 0.999853 -0.00219716 -0.00816559 -0.0149093
25.pcd 13.1559 -0.469917 -0.12694 0.999931 0.00108386 -0.0111719 0.00347242
26.pcd 13.493 -0.396024 -0.128749 0.995792 0.000918242 -0.0129946 0.0907071
27.pcd 14.023 -0.298392 -0.130267 0.995598 0.00583 -0.0148597 0.0923583
28.pcd 14.5755 -0.212368 -0.139954 0.996481 0.00557028 -0.0110748 0.0829027
29.pcd 15.0566 -0.222957 -0.144059 0.99994 -0.00051728 -0.00874014 -0.00655715
30.pcd 15.5837 -0.241501 -0.150684 0.999911 0.000500361 -0.010678 -0.00803133
31.pcd 16.0866 -0.250956 -0.159212 0.999914 0.00159598 -0.0103145 -0.00800322
32.pcd 16.627 -0.262179 -0.165111 0.999812 -0.00129791 -0.0134105 -0.0139351
33.pcd 17.1713 -0.283694 -0.169058 0.999751 0.000789504 -0.0141425 -0.0172528
34.pcd 17.7099 -0.306838 -0.178102 0.999802 0.00207631 -0.00815072 -0.018047
35.pcd 18.2421 -0.324873 -0.187399 0.999814 0.00374647 -0.00899287 -0.0166486
36.pcd 18.7529 -0.344137 -0.194515 0.999799 0.000907007 -0.0095768 -0.0175863
37.pcd 19.2699 -0.380714 -0.202061 0.999408 -0.00156108 -0.00991503 -0.0328934
38.pcd 19.7883 -0.416897 -0.20493 0.999426 -0.00158904 -0.0116723 -0.0317657
39.pcd 20.3261 -0.438477 -0.208773 0.999707 -0.00209745 -0.0144271 -0.0192975
40.pcd 20.8657 -0.459016 -0.215731 0.999787 0.0011176 -0.0135101 -0.0155383
41.pcd 21.3894 -0.47865 -0.222327 0.999757 1.25837e-05 -0.0103276 -0.0194546
42.pcd 21.893 -0.492158 -0.22795 0.999895 0.000988696 -0.0128749 -0.00654904
43.pcd 22.4308 -0.482764 -0.235843 0.999886 0.00226682 -0.0122606 0.00853592
44.pcd 22.9695 -0.476089 -0.240798 0.999886 0.000883621 -0.0117059 0.00945423
45.pcd 23.4884 -0.474942 -0.245318 0.999912 0.00304446 -0.0125799 0.00294126
46.pcd 24 -0.493716 -0.253894 0.999751 0.00255139 -0.0108137 -0.0193547
47.pcd 24.5484 -0.527445 -0.258196 0.999346 0.00179536 -0.0152181 -0.0327554
48.pcd 25.0476 -0.563257 -0.262571 0.999461 0.00122355 -0.0149209 -0.0292197
49.pcd 25.5915 -0.584692 -0.26909 0.999804 -0.00049106 -0.0127138 -0.01519
50.pcd 26.1043 -0.591905 -0.272727 0.999889 -0.00189442 -0.0124012 -0.00807799
51.pcd 26.6288 -0.603726 -0.273885 0.999825 -0.00245196 -0.0172299 -0.0067946
52.pcd 27.1589 -0.608664 -0.275594 0.999912 -0.00165556 -0.0114589 -0.00652835
53.pcd 27.6876 -0.616881 -0.289132 0.999951 0.000347912 -0.00574557 -0.00806651
54.pcd 28.209 -0.632359 -0.298495 0.999813 3.70244e-05 -0.0105359 -0.0162356
55.pcd 28.7576 -0.654595 -0.304401 0.999705 -0.00358112 -0.0122444 -0.0206693
56.pcd 29.2854 -0.678573 -0.313684 0.999758 -0.00287316 -0.0106242 -0.0190316
57.pcd 29.8122 -0.700576 -0.319281 0.999757 -0.00158327 -0.0105889 -0.0192544
58.pcd 30.3265 -0.709646 -0.328729 0.999895 -0.00362453 -0.00942524 -0.0103635
59.pcd 30.8325 -0.722541 -0.332787 0.999898 -0.00198402 -0.0127297 -0.00622614
60.pcd 31.2785 -0.787246 -0.337137 0.994168 -0.00265684 -0.0120805 -0.107134
61.pcd 31.4517 -0.88856 -0.33585 0.977944 -0.00494915 -0.01034 -0.208551
62.pcd 31.6608 -1.05093 -0.338511 0.955097 -0.00679696 -0.00981624 -0.296054
63.pcd 31.7732 -1.19784 -0.337617 0.922948 -0.00811735 -0.0117019 -0.384661
64.pcd 31.8762 -1.39211 -0.339067 0.879945 -0.0110995 -0.0112306 -0.474813
65.pcd 31.9993 -1.71051 -0.339667 0.832753 -0.00912229 -0.0111436 -0.553457
66.pcd 32.0799 -2.13405 -0.339816 0.773615 -0.0120872 -0.0133563 -0.6334
67.pcd 32.0422 -2.21389 -0.338629 0.712525 -0.0136031 -0.0137094 -0.701381
68.pcd 32.1 -2.21354 -0.337927 0.793736 -0.0147138 -0.0113531 -0.607978
69.pcd 32.1378 -2.19478 -0.337631 0.845814 -0.0132548 -0.0115604 -0.533188
70.pcd 32.1767 -2.17153 -0.337467 0.893581 -0.0107492 -0.0121592 -0.448608
71.pcd 32.2127 -2.13993 -0.337592 0.934219 -0.00859011 -0.0130229 -0.356358
72.pcd 32.2417 -2.09714 -0.336608 0.966323 -0.00636992 -0.0114833 -0.256998
73.pcd 32.2611 -2.04918 -0.340773 0.987853 -0.00530533 -0.0100931 -0.154969
74.pcd 32.2647 -2.00213 -0.340916 0.998549 -0.00227729 -0.00995232 -0.0528724
75.pcd 32.8125 -1.97163 -0.347987 0.999903 0.000334906 -0.0106059 0.00901933
76.pcd 33.3276 -1.9627 -0.353761 0.99988 0.00231696 -0.0120837 0.00940999
77.pcd 33.8314 -1.95311 -0.360524 0.999891 0.00259973 -0.0112163 0.00919421
78.pcd 34.1264 -1.98426 -0.365201 0.99235 -0.00392283 -0.00873699 -0.123084
79.pcd 34.1018 -2.00152 -0.361823 0.976707 -0.00563808 -0.00939166 -0.214299
80.pcd 34.07 -2.02937 -0.364286 0.95102 -0.00659857 -0.0096229 -0.308909
81.pcd 34.0364 -2.07126 -0.360023 0.915093 -0.00732551 -0.0107008 -0.403034
82.pcd 33.996 -2.10648 -0.36309 0.869707 -0.0093961 -0.0113349 -0.493349
83.pcd 33.9516 -2.13445 -0.361171 0.819129 -0.0102879 -0.0133277 -0.573362
84.pcd 33.912 -2.15369 -0.362286 0.762148 -0.0133442 -0.0128154 -0.647138
85.pcd 33.8788 -2.15101 -0.356478 0.696171 -0.0157216 -0.011181 -0.717616
86.pcd 33.9233 -2.16205 -0.357801 0.757717 -0.0158553 -0.0104825 -0.652307
87.pcd 33.9684 -2.13642 -0.355798 0.835429 -0.0136297 -0.0105767 -0.549327
88.pcd 34.0102 -2.10934 -0.358346 0.888311 -0.0134719 -0.0103871 -0.458927
89.pcd 34.0496 -2.07481 -0.359217 0.930949 -0.0112976 -0.00950954 -0.364851
90.pcd 34.0842 -2.03831 -0.360731 0.963322 -0.0103391 -0.00970657 -0.267972
91.pcd 34.1065 -1.99867 -0.360606 0.984467 -0.00876657 -0.00886208 -0.175124
92.pcd 34.1292 -1.93857 -0.359166 0.998489 -0.00454186 -0.010976 -0.0536456
93.pcd 33.5822 -1.90625 -0.352918 0.999793 0.00240729 -0.0151075 -0.0133857
94.pcd 33.2196 -1.96166 -0.351957 0.991994 0.000967489 -0.0112712 -0.125779
95.pcd 33.2015 -2.02341 -0.351821 0.967823 -0.00106251 -0.0131093 -0.251288
96.pcd 33.172 -2.08199 -0.347401 0.931369 -0.0048114 -0.0140607 -0.363773
97.pcd 33.1432 -2.1212 -0.346957 0.894991 -0.00699554 -0.0136269 -0.445821
98.pcd 33.1026 -2.15099 -0.349517 0.848683 -0.00971742 -0.0130102 -0.528653
99.pcd 33.0598 -2.17214 -0.348104 0.795968 -0.0115193 -0.0126835 -0.605096
100.pcd 33.017 -2.18386 -0.345406 0.736509 -0.0130654 -0.0132641 -0.676172
101.pcd 32.9869 -2.77163 -0.335972 0.701578 -0.0190645 -0.0165734 -0.712145
102.pcd 32.9772 -3.28321 -0.329853 0.700894 -0.0169816 -0.0152989 -0.712899
103.pcd 32.9631 -3.83117 -0.323774 0.698789 -0.0155882 -0.0152781 -0.714994
104.pcd 32.947 -4.3437 -0.318699 0.696864 -0.0164272 -0.017059 -0.716812
105.pcd 32.9256 -4.92431 -0.316 0.694004 -0.0146389 -0.0126849 -0.719711
106.pcd 32.9028 -5.47722 -0.311027 0.692762 -0.0137626 -0.0122157 -0.720932
107.pcd 32.8704 -6.07149 -0.312592 0.690625 -0.0162572 -0.0142396 -0.72289
108.pcd 32.841 -6.61929 -0.301157 0.68742 -0.0152326 -0.0155827 -0.725933
109.pcd 32.8114 -7.18077 -0.292902 0.686999 -0.0183575 -0.0193795 -0.726168
110.pcd 32.8022 -7.69945 -0.286477 0.704265 -0.017152 -0.0180461 -0.709501
111.pcd 32.8014 -8.22948 -0.281807 0.708098 -0.0157756 -0.0176086 -0.705718
112.pcd 32.7982 -8.8237 -0.279645 0.703109 -0.0147832 -0.0119867 -0.710828
113.pcd 32.7734 -9.32353 -0.276096 0.686608 -0.0152655 -0.0123554 -0.726763
114.pcd 32.6913 -9.89931 -0.280007 0.657415 -0.0140046 -0.0104814 -0.753325
115.pcd 32.6459 -10.4128 -0.278099 0.675059 -0.0170135 -0.0123028 -0.737465
116.pcd 32.6445 -10.9627 -0.272007 0.706951 -0.0186693 -0.013403 -0.706889
117.pcd 32.6587 -11.4911 -0.269679 0.718084 -0.0137642 -0.00956478 -0.695755
118.pcd 32.678 -12.0529 -0.269519 0.721283 -0.0155865 -0.011517 -0.692369
119.pcd 32.7084 -12.7466 -0.264757 0.721588 -0.0174917 -0.0142164 -0.691956
120.pcd 32.7291 -13.3223 -0.263318 0.719554 -0.0174607 -0.0107432 -0.694134
121.pcd 32.7408 -13.9034 -0.259594 0.716022 -0.0152954 -0.0113773 -0.697817
122.pcd 32.7426 -14.4538 -0.256489 0.709116 -0.0169947 -0.0123203 -0.704779
123.pcd 32.7342 -15.0238 -0.253434 0.701844 -0.0162702 -0.0103485 -0.71207
124.pcd 32.709 -15.6088 -0.255695 0.69428 -0.0127592 -0.00968552 -0.719527
125.pcd 32.679 -16.2056 -0.256987 0.689789 -0.0150915 -0.0106661 -0.723775
126.pcd 32.6465 -16.7609 -0.252321 0.685684 -0.0202871 -0.0121061 -0.727516
127.pcd 32.6033 -17.3307 -0.24955 0.681185 -0.0190882 -0.00860628 -0.731812
128.pcd 32.5431 -17.8864 -0.249493 0.665323 -0.0220103 -0.00926023 -0.746173
129.pcd 32.4291 -18.4594 -0.246599 0.634649 -0.0141693 -0.00892028 -0.772619
130.pcd 32.3027 -19.0073 -0.250399 0.624308 -0.0104857 -0.00862332 -0.78106
131.pcd 32.1866 -19.5724 -0.259371 0.642361 -0.0103376 -0.00714829 -0.766299
132.pcd 32.1835 -20.1172 -0.259224 0.708438 -0.011903 -0.0093402 -0.705611
133.pcd 32.2051 -20.6346 -0.259796 0.722564 -0.01209 -0.0121242 -0.691092
134.pcd 32.2073 -21.1768 -0.265673 0.711308 -0.0110199 -0.0100385 -0.702722
135.pcd 32.2013 -21.693 -0.255756 0.70427 -0.0202012 -0.0157828 -0.709469
136.pcd 32.1861 -22.2547 -0.253317 0.698866 -0.0142083 -0.0120798 -0.715009
137.pcd 32.1785 -22.7845 -0.257539 0.707136 -0.0132137 -0.00706674 -0.706918
138.pcd 32.1872 -23.3399 -0.251548 0.712075 -0.0187125 -0.0124993 -0.701743
139.pcd 32.1823 -23.8662 -0.249164 0.706907 -0.0156932 -0.0118768 -0.707032
140.pcd 32.1705 -24.3917 -0.250794 0.697858 -0.0150749 -0.0104546 -0.716001
141.pcd 32.1432 -24.9122 -0.254694 0.688638 -0.010039 -0.00472802 -0.72502
142.pcd 32.106 -25.4861 -0.255186 0.684116 -0.0155947 -0.0104361 -0.729132
143.pcd 32.0644 -26.0106 -0.25402 0.679736 -0.0149008 -0.0105214 -0.73323
144.pcd 32.1047 -25.479 -0.256139 0.678867 -0.0168676 -0.0108375 -0.733987
145.pcd 32.1485 -24.9359 -0.255513 0.67989 -0.012014 -0.00532309 -0.733196
146.pcd 32.1992 -24.3893 -0.24969 0.695931 -0.0166589 -0.0101291 -0.717844
147.pcd 32.212 -23.8893 -0.251834 0.712521 -0.0174285 -0.0113924 -0.701342
148.pcd 32.1999 -23.3201 -0.25211 0.693006 -0.0222068 -0.0132077 -0.720469
149.pcd 32.2252 -22.7791 -0.259369 0.691296 -0.0150259 -0.00795482 -0.722371
150.pcd 32.2525 -22.2435 -0.25717 0.705618 -0.017558 -0.0127514 -0.70826
151.pcd 32.2551 -21.725 -0.259517 0.714797 -0.0234512 -0.0178143 -0.698711
152.pcd 32.203 -21.4313 -0.266944 0.643065 -0.0196185 -0.0120922 -0.765465
153.pcd 32.1605 -21.4324 -0.263285 0.566212 -0.0192515 -0.0127041 -0.823937
154.pcd 32.0968 -21.487 -0.259538 -0.486301 0.0218811 0.01334 0.873416
155.pcd 32.039 -21.5157 -0.25816 -0.395651 0.0234299 0.0132236 0.918007
156.pcd 31.969 -21.5209 -0.256023 -0.305284 0.0250644 0.0152449 0.951809
157.pcd 31.8885 -21.5197 -0.255101 -0.211878 0.0257281 0.0154225 0.976836
158.pcd 31.7821 -21.522 -0.25322 -0.122974 0.0264723 0.0151611 0.991941
159.pcd 31.2675 -21.5853 -0.24268 -0.0439166 0.0255494 0.0141095 0.998609
160.pcd 30.721 -21.6068 -0.232619 -0.0127671 0.0257546 0.0130169 0.999502
161.pcd 30.1837 -21.6218 -0.223271 -0.0193494 0.0260147 0.0104163 0.99942
162.pcd 29.6357 -21.6504 -0.219144 -0.0245593 0.0231322 0.0088755 0.999391
163.pcd 29.1306 -21.6896 -0.214202 -0.0416541 0.023128 0.00964684 0.998818
164.pcd 28.6009 -21.7374 -0.215391 -0.0454938 0.0172827 0.0111201 0.998753
165.pcd 28.0452 -21.7945 -0.210683 -0.0555562 0.0248751 0.00972523 0.998098
166.pcd 27.5307 -21.8576 -0.204236 -0.0653216 0.0262547 0.00790979 0.997487
167.pcd 26.9928 -21.9271 -0.199517 -0.057235 0.0238208 0.00613946 0.998058
168.pcd 26.4802 -21.951 -0.195504 -0.0291348 0.0256415 0.00431221 0.999237
169.pcd 25.9228 -21.962 -0.191129 -0.00949203 0.0233425 0.00525577 0.999669
170.pcd 25.3585 -21.9414 -0.182958 0.0314491 0.0232256 0.00348108 0.999229
171.pcd 24.8317 -21.8832 -0.174075 0.0506939 0.0264738 0.00170745 0.998362
172.pcd 24.3346 -21.8182 -0.169096 0.0577524 0.0240692 0.00180651 0.998039
173.pcd 23.8279 -21.766 -0.165062 0.051809 0.0225017 0.00534707 0.998389
174.pcd 23.2699 -21.713 -0.160922 0.0383363 0.0220755 0.0092505 0.998978
175.pcd 22.7393 -21.6791 -0.157041 0.0283273 0.0216757 0.00729043 0.999337
176.pcd 22.1746 -21.6461 -0.150222 0.0249439 0.0233672 0.00720295 0.99939
177.pcd 21.6469 -21.6171 -0.144597 0.024038 0.0243509 0.00724937 0.999388
178.pcd 21.0854 -21.5847 -0.142353 0.025284 0.0253958 0.00572654 0.999341
179.pcd 20.5091 -21.5672 -0.127979 0.0174096 0.0262167 0.00284602 0.999501
180.pcd 19.9057 -21.5497 -0.122194 0.0122096 0.0218759 0.00107846 0.999686
181.pcd 19.3763 -21.5521 -0.107161 -0.0012503 0.026926 0.00223839 0.999634
182.pcd 18.8596 -21.5551 -0.097892 -0.00687566 0.022812 0.00636532 0.999696
183.pcd 18.2723 -21.5625 -0.097134 -0.00783536 0.0194041 0.00675034 0.999758
184.pcd 17.7588 -21.5794 -0.0899746 -0.0160699 0.0220367 0.00625444 0.999608
185.pcd 17.1889 -21.5969 -0.084371 -0.0180933 0.02456 0.00605827 0.999516
186.pcd 16.6013 -21.6165 -0.0757951 -0.0170527 0.023143 0.00599784 0.999569
187.pcd 16.0429 -21.6197 -0.0692168 0.000311546 0.0224231 0.00819868 0.999715
188.pcd 15.5062 -21.6069 -0.0667438 0.0100811 0.0226193 0.00806015 0.999661
189.pcd 14.9796 -21.5857 -0.0597408 0.0209437 0.0256932 0.00722699 0.999424
190.pcd 14.4142 -21.556 -0.05487 0.0268407 0.0225193 0.0072539 0.99936
191.pcd 13.8234 -21.5258 -0.0441462 0.0176305 0.0264096 0.0089307 0.999456
192.pcd 13.2879 -21.51 -0.0413058 0.00883456 0.0212607 0.00837675 0.9997
193.pcd 12.721 -21.5019 -0.0346747 0.00707534 0.0251743 0.0045988 0.999647
194.pcd 12.1674 -21.4909 -0.0300606 0.00841986 0.0235029 0.00216921 0.999686
195.pcd 11.5803 -21.4743 -0.0256372 0.00921478 0.0202202 0.00446661 0.999743
196.pcd 11.0535 -21.4599 -0.0183104 0.0118835 0.0206177 0.00600021 0.999699
197.pcd 10.4908 -21.4416 -0.0142851 0.0150593 0.0216211 0.00613195 0.999634
198.pcd 9.90652 -21.4203 -0.00860307 0.0167712 0.0213466 0.00569175 0.999615
199.pcd 9.34172 -21.3966 -0.00277069 0.0205543 0.0253362 0.00221409 0.999465
200.pcd 8.73214 -21.3635 0.0100423 0.0239657 0.0268248 0.00225248 0.99935
201.pcd 8.12112 -21.3281 0.00777357 0.0263068 0.0140638 0.00814788 0.999522
202.pcd 7.54895 -21.2973 0.0151456 0.0158424 0.0260068 0.0116637 0.999468
203.pcd 6.97231 -21.2775 0.0174448 0.0115615 0.0196526 0.0136829 0.999646
204.pcd 6.4174 -21.2629 0.0222897 0.00793179 0.0208988 0.0150553 0.999637
205.pcd 5.79485 -21.2475 0.0309732 0.00875227 0.0234102 0.0134828 0.999597
206.pcd 5.18552 -21.2193 0.0313126 0.0248663 0.0174568 0.0126758 0.999458
207.pcd 4.58981 -21.1924 0.0366358 0.017324 0.0231287 0.0107055 0.999525
208.pcd 3.97486 -21.1782 0.0383979 3.26438e-05 0.0195782 0.0128809 0.999725
209.pcd 3.3914 -21.1905 0.042188 -0.0149472 0.0199614 0.012749 0.999608
210.pcd 2.79605 -21.2083 0.0459046 -0.0174749 0.0192584 0.0133843 0.999572
211.pcd 2.19354 -21.2106 0.0430447 -0.00308744 0.0168882 0.0104274 0.999798
212.pcd 1.58793 -21.2027 0.0487868 0.00552675 0.0212866 0.0118436 0.999688
213.pcd 0.990311 -21.1866 0.0487023 0.0101885 0.0215531 0.012467 0.999638
214.pcd 0.402864 -21.1659 0.051321 0.0109524 0.0199263 0.01281 0.999659
215.pcd -0.117432 -21.1943 0.0539789 -0.0323494 0.0192203 0.0117305 0.999223
216.pcd -0.64397 -21.2446 0.0562409 -0.0511572 0.0175801 0.0106758 0.998479
217.pcd -1.2269 -21.3074 0.0569377 -0.0573722 0.017654 0.00905377 0.998156
218.pcd -1.81209 -21.3658 0.0582825 -0.0456799 0.0179196 0.00903067 0.998755
219.pcd -2.36161 -21.3756 0.0645347 -0.0111399 0.0215514 0.00850612 0.999669
220.pcd -2.91184 -21.4007 0.0730265 -0.0271261 0.0243366 0.00806424 0.999303
221.pcd -3.44986 -21.4801 0.066277 -0.0730663 0.00890539 0.00662401 0.997265
222.pcd -4.00396 -21.5744 0.0590927 -0.0895822 0.0106195 0.00773655 0.995893
223.pcd -4.55235 -21.6706 0.0565426 -0.0644375 0.0149072 -0.00234806 0.997808
224.pcd -5.10313 -21.6686 0.0591487 0.00359757 0.0179223 -0.00133149 0.999832
225.pcd -5.62622 -21.6325 0.0600382 0.0247429 0.0203537 0.00218867 0.999484
226.pcd -6.1571 -21.6402 0.0613924 -0.00820833 0.0182837 0.00411387 0.999791
227.pcd -6.71593 -21.7407 0.0634189 -0.0869704 0.0200621 0.00515164 0.995996
228.pcd -7.24235 -21.786 0.0680867 -0.0380288 0.0212556 0.00365081 0.999044
229.pcd -7.77566 -21.7971 0.0742407 -0.0132384 0.0197378 0.00294144 0.999713
230.pcd -8.34198 -21.7958 0.075145 -0.000894682 0.0175042 0.00673079 0.999824
231.pcd -8.89092 -21.7762 0.0735667 0.016258 0.0147194 0.00828131 0.999725
232.pcd -9.48128 -21.7511 0.0765712 0.0243905 0.0185064 0.00643984 0.99951
233.pcd -10.0123 -21.7256 0.0769697 0.0166197 0.0164164 0.00666389 0.999705
234.pcd -10.5296 -21.7094 0.0766751 0.0136764 0.0177434 0.0062131 0.99973
235.pcd -11.0424 -21.6948 0.0775622 0.0126279 0.0195268 0.00727282 0.999703
236.pcd -11.6201 -21.712 0.0761062 -0.0188112 0.0167859 0.008404 0.999647
237.pcd -12.2013 -21.7096 0.0773783 -6.73475e-05 0.0193212 0.00569587 0.999797
238.pcd -12.7836 -21.6992 0.0804486 0.015989 0.0183163 0.00348474 0.999698
239.pcd -13.3606 -21.6802 0.0775125 0.00623828 0.0149765 0.00242062 0.999865
240.pcd -13.9377 -21.6898 0.0766447 -0.0115494 0.0182036 0.00549846 0.999752
241.pcd -14.4771 -21.7055 0.074954 -0.0157917 0.0157993 0.00751355 0.999722
242.pcd -14.992 -21.7073 0.073672 -0.00487497 0.0141822 0.00802091 0.999855
243.pcd -15.5733 -21.7021 0.0722187 0.00469982 0.0164204 0.00714251 0.999829
244.pcd -16.0937 -21.6938 0.0731695 0.00528445 0.0172084 0.00530596 0.999824
245.pcd -16.61 -21.694 0.0743479 0.00062588 0.0196813 0.00619533 0.999787
246.pcd -17.1761 -21.6917 0.0727259 -5.85223e-05 0.01667 0.00816745 0.999828
247.pcd -17.6835 -21.6863 0.0722012 0.00122193 0.0157973 0.00844894 0.999839
248.pcd -18.241 -21.6812 0.0739841 0.00384063 0.0172462 0.00669576 0.999821
249.pcd -18.7791 -21.6714 0.0708448 0.00556921 0.0154358 0.0067553 0.999843
250.pcd -19.3064 -21.6613 0.0714268 0.00924066 0.0186874 0.00800048 0.999751
251.pcd -19.8132 -21.6516 0.0722478 0.0110489 0.0187292 0.0075515 0.999735
252.pcd -20.3307 -21.6156 0.0716902 0.0337403 0.0173623 0.00815699 0.999247
253.pcd -20.8297 -21.5448 0.0718254 0.0786225 0.0155466 0.00849604 0.996747
254.pcd -21.1906 -21.4229 0.0668423 0.168075 0.0110792 0.00610689 0.985693
255.pcd -21.6961 -21.1475 0.0582721 0.243064 0.0100706 0.000552714 0.969958
256.pcd -21.8228 -21.145 0.0593028 0.117701 0.0116426 0.00147957 0.99298
257.pcd -21.8266 -21.1825 0.0584133 0.0245044 0.0111559 0.00361619 0.999631
258.pcd -22.3548 -21.2294 0.056992 -0.0323258 0.0152057 0.00245635 0.999359
259.pcd -22.954 -21.2437 0.0560838 -0.00634115 0.0189105 0.00592541 0.999784
260.pcd -23.492 -21.2332 0.0543654 0.00336951 0.0186943 0.00641056 0.999799
261.pcd -24.0405 -21.223 0.0519575 0.0121606 0.01662 0.00602702 0.99977
262.pcd -24.543 -21.2081 0.0493614 0.0181777 0.0145855 0.00315899 0.999723
263.pcd -24.5833 -21.1603 0.0523551 0.122179 0.0133412 0.000863998 0.992418
264.pcd -24.5723 -21.1034 0.0507521 0.241634 0.013097 -0.000848279 0.970279
265.pcd -24.5475 -21.0523 0.0511241 0.350966 0.0129031 -0.00235713 0.936296
266.pcd -24.5183 -21.0162 0.0507525 0.443539 0.0143871 -0.00415735 0.89613
267.pcd -24.4736 -20.9723 0.0518683 0.53908 0.0146209 -0.00641555 0.842103
268.pcd -24.4259 -20.9449 0.0540232 0.635454 0.0160691 -0.00811062 0.771929
269.pcd -24.5007 -20.4501 0.0563862 0.644585 0.0190084 -0.00903156 0.764243
270.pcd -24.6325 -19.8524 0.0559685 0.615045 0.016739 -0.00649572 0.788288
271.pcd -24.7781 -19.3152 0.0580053 0.609481 0.0186377 -0.00672111 0.792553
272.pcd -24.8955 -18.806 0.0577165 0.624676 0.0174271 -0.00604268 0.780666
273.pcd -24.9997 -18.2913 0.051319 0.636681 0.0136149 -0.00415035 0.770996
274.pcd -25.1111 -17.7087 0.0488411 0.630761 0.0147143 -0.00390089 0.775828
275.pcd -25.2125 -17.2037 0.0418528 0.637054 0.0136375 -0.00337673 0.770691
276.pcd -25.2686 -16.6602 0.0400048 0.673906 0.0120466 -0.00817319 0.738674
277.pcd -25.3095 -16.0664 0.0322035 0.67797 0.00847674 -0.00597583 0.735017
278.pcd -25.3977 -15.5564 0.0269309 0.637331 0.00790337 -0.00765165 0.770511
279.pcd -25.4902 -15.0563 0.0247697 0.645262 0.0101988 -0.00962837 0.763833
280.pcd -25.5756 -14.4652 0.0247603 0.65023 0.0131433 -0.0105128 0.759551
281.pcd -25.6527 -13.9006 0.0263112 0.656864 0.0126148 -0.00919301 0.753848
282.pcd -25.7103 -13.387 0.0184903 0.666573 0.0113402 -0.00854485 0.745305
283.pcd -25.7632 -12.8835 0.0159475 0.663872 0.0113492 -0.0139839 0.747629
284.pcd -25.845 -12.3028 0.00709024 0.652989 0.00763278 -0.00947633 0.757269
285.pcd -25.9225 -11.784 0.0137569 0.64841 0.0170383 -0.0121523 0.761004
286.pcd -25.9942 -11.252 0.00821967 0.654326 0.013607 -0.00816974 0.756046
287.pcd -26.0654 -10.6717 -9.46119e-05 0.662069 0.0100593 -0.00983774 0.749311
288.pcd -26.1431 -10.1479 0.0111453 0.654118 0.0163894 -0.0127255 0.756108
289.pcd -26.2312 -9.55864 -0.00456198 0.650416 0.00877007 -0.00102736 0.759527
290.pcd -26.307 -9.04646 -0.00735528 0.65142 0.00945294 -0.00283508 0.758653
291.pcd -26.3959 -8.46024 -0.0135312 0.653022 0.0124701 -0.00972872 0.757174
292.pcd -26.4754 -7.88966 -0.0116877 0.655482 0.00962567 -0.00852425 0.755101
293.pcd -26.5468 -7.35851 -0.0182919 0.656942 0.0106703 -0.00865017 0.753816
294.pcd -26.6232 -6.77492 -0.020845 0.65923 0.0123867 -0.00801038 0.751796
295.pcd -26.6938 -6.19729 -0.0178665 0.662279 0.011223 -0.0119975 0.749078
296.pcd -26.7684 -5.60639 -0.025532 0.660859 0.00919757 -0.00782007 0.750413
297.pcd -26.8339 -5.05614 -0.0290482 0.660335 0.0114923 -0.00577329 0.750861
298.pcd -26.9011 -4.5217 -0.035623 0.661824 0.0112715 -0.00500091 0.749558
299.pcd -26.9628 -3.97996 -0.0388758 0.662475 0.0115215 -0.00698105 0.748963
300.pcd -27.0307 -3.42404 -0.04369 0.657091 0.0111532 -0.00811049 0.753685
301.pcd -27.1162 -2.85692 -0.050921 0.650359 0.00848814 -0.00710644 0.759546
302.pcd -27.1995 -2.31265 -0.0614289 0.645799 0.0103383 -0.00690343 0.763407
303.pcd -27.2911 -1.78241 -0.073457 0.645019 0.00799087 -0.00206071 0.764122
304.pcd -27.3698 -1.22658 -0.0782357 0.666048 0.00583758 -0.0102326 0.745816
305.pcd -27.3511 -1.1155 -0.0757712 0.731408 0.00625654 -0.0139094 0.68177
306.pcd -27.3184 -1.12889 -0.0760789 0.798028 0.00582054 -0.0136497 0.602437
307.pcd -27.2801 -1.15131 -0.0774267 0.855412 0.00630133 -0.016648 0.517642
308.pcd -27.2383 -1.17418 -0.0759084 0.903626 0.00561965 -0.0179414 0.427909
309.pcd -27.1822 -1.20181 -0.0788131 0.943462 0.00553822 -0.0186102 0.330913
310.pcd -27.1502 -1.23484 -0.0757706 0.971087 0.00494743 -0.0209149 0.237757
311.pcd -26.645 -1.06601 -0.0723097 0.982358 0.00736622 -0.0144032 0.186307
312.pcd -26.1206 -0.886508 -0.0722524 0.986618 0.00650883 -0.018105 0.161913
313.pcd -25.6264 -0.736363 -0.0725967 0.988571 0.00657294 -0.0180151 0.149533
314.pcd -25.1307 -0.597774 -0.0648513 0.989849 0.00530092 -0.0194667 0.140684
315.pcd -24.6243 -0.461933 -0.0658413 0.991031 0.0027419 -0.0186112 0.132304
316.pcd -24.1408 -0.331303 -0.0625312 0.991468 0.00343361 -0.0203444 0.128704
317.pcd -23.5755 -0.188686 -0.0577931 0.992213 0.0034575 -0.0201756 0.122859
318.pcd -23.0778 -0.0670547 -0.0563059 0.992423 0.00166396 -0.021556 0.120952
319.pcd -23.2227 -0.145572 -0.0596077 0.9997 0.000347207 -0.0196782 0.0145529
320.pcd -23.2201 -0.19087 -0.0591269 0.996799 -0.00115934 -0.020796 -0.0771887
321.pcd -23.2323 -0.230511 -0.0606022 0.984935 -0.00288143 -0.0213318 -0.171581
322.pcd -23.2492 -0.27223 -0.0590118 0.963884 -0.00375686 -0.0217672 -0.265404
323.pcd -23.2691 -0.307727 -0.0569705 0.934526 -0.00377271 -0.0231986 -0.355118
324.pcd -23.2963 -0.339578 -0.0578607 0.89554 -0.00465596 -0.0240549 -0.444307
325.pcd -23.3329 -0.367693 -0.0594396 0.850193 -0.00600365 -0.0224777 -0.525957
326.pcd -23.3672 -0.38448 -0.0591235 0.799583 -0.00672134 -0.0213835 -0.600137
327.pcd -23.4161 -0.399785 -0.0589956 0.726363 -0.0083776 -0.0213942 -0.686928
328.pcd -23.4146 -1.00031 -0.0506671 0.714692 -0.00825631 -0.0225355 -0.699028
329.pcd -23.4095 -1.56437 -0.0426938 0.712614 -0.00924534 -0.0236289 -0.701097
330.pcd -23.4072 -2.11252 -0.0387159 0.711016 -0.00717487 -0.0222843 -0.702786
331.pcd -23.3986 -2.6444 -0.0300472 0.70892 -0.0115531 -0.023176 -0.704813
332.pcd -23.3246 -3.03104 -0.0270225 0.796161 -0.0155773 -0.0169147 -0.604648
333.pcd -23.2755 -3.01138 -0.0283908 0.855694 -0.0128082 -0.0171591 -0.517038
334.pcd -23.2305 -2.98458 -0.0274757 0.906689 -0.0117176 -0.0171492 -0.421288
335.pcd -23.1865 -2.94375 -0.0290072 0.947774 -0.0108079 -0.0173631 -0.318285
336.pcd -23.1536 -2.90027 -0.0252374 0.976621 -0.009886 -0.0178893 -0.213996
337.pcd -23.1265 -2.84878 -0.0265281 0.994009 -0.00841515 -0.0170484 -0.107633
338.pcd -23.1164 -2.80299 -0.0286286 0.999793 -0.00584664 -0.0165545 -0.0102898
339.pcd -22.556 -2.80315 -0.0255549 0.999693 -0.0023601 -0.0245311 -0.00271274
340.pcd -22.0007 -2.80468 -0.00930871 0.999375 -0.00437566 -0.0347317 -0.00496345
341.pcd -21.4569 -2.8236 -0.014577 0.99997 0.000675519 0.00476614 -0.006012
342.pcd -20.9168 -2.82894 -0.00590013 0.999696 -0.000316734 -0.0232381 -0.00822295
343.pcd -20.3402 -2.84706 -0.00940498 0.99988 0.000355622 -0.0104321 -0.0114328
344.pcd -19.7563 -2.86773 -0.0129625 0.999762 0.00111358 -0.0182597 -0.0118864
345.pcd -19.1947 -2.88663 -0.0138316 0.999599 0.00129698 -0.0176539 -0.0221114
346.pcd -18.6306 -2.95805 -0.00706286 0.997804 -0.00163944 -0.0202826 -0.0630269
347.pcd -18.0665 -2.99777 -0.00597181 0.999533 -0.00190944 -0.0172677 -0.0251316
348.pcd -17.5296 -3.06471 -0.000996943 0.997247 -0.00109932 -0.0171687 -0.072134
349.pcd -17.0238 -3.19065 -0.000663766 0.992705 -0.00341681 -0.018702 -0.119058
350.pcd -16.468 -3.25717 0.00680438 0.99911 -0.00414726 -0.0185747 -0.0376436
351.pcd -15.9512 -3.27259 0.0106348 0.999618 -0.000885755 -0.0221848 -0.016432
352.pcd -15.4418 -3.28732 0.0126546 0.999763 -0.00271131 -0.0215367 -0.00185261
353.pcd -14.932 -3.29465 0.0183452 0.999798 -0.00190355 -0.0187566 -0.00691573
354.pcd -14.3649 -3.3135 0.0153148 0.999686 0.000540269 -0.0143804 -0.0205108
355.pcd -13.8219 -3.344 0.0139328 0.999492 -4.8152e-05 -0.019122 -0.0255075
356.pcd -13.2283 -3.38292 0.0129663 0.999318 -0.00232549 -0.0186212 -0.0318113
357.pcd -12.7201 -3.40464 0.019034 0.999545 -0.00199183 -0.0190921 -0.0232511
358.pcd -12.1758 -3.4197 0.0147257 0.999859 -0.000416727 -0.014898 -0.00773271
359.pcd -11.6655 -3.43165 0.0153727 0.999853 0.000384152 -0.0153679 -0.0076534
360.pcd -11.1468 -3.44224 0.0163524 0.999788 0.000496505 -0.0174249 -0.0109458
361.pcd -10.6373 -3.46846 0.0171969 0.99949 0.00139463 -0.0178606 -0.0264489
362.pcd -10.0764 -3.5123 0.0181251 0.999203 0.00334094 -0.0192753 -0.0348014
363.pcd -9.523 -3.53465 0.0190113 0.999667 -0.000529105 -0.0184299 -0.0180532
364.pcd -8.92746 -3.54302 0.0158929 0.999892 -0.000512053 -0.0138517 -0.00489351
365.pcd -8.38473 -3.56198 0.0171352 0.999703 0.00288145 -0.0174688 -0.0167585
366.pcd -7.80738 -3.58993 0.0189625 0.999678 0.00420678 -0.0180823 -0.0173168
367.pcd -7.25496 -3.59224 0.0138228 0.999881 0.0019291 -0.0146675 0.00427505
368.pcd -6.7254 -3.58181 0.0175116 0.999699 0.00268653 -0.0193875 0.0147727
369.pcd -6.15886 -3.57855 0.0124146 0.999893 0.000580417 -0.0145205 0.00187413
370.pcd -5.60518 -3.59582 0.0149066 0.999654 -0.000644011 -0.0198331 -0.0172838
371.pcd -5.06251 -3.64938 0.0176755 0.99887 -0.00224669 -0.0164612 -0.044532
372.pcd -4.50844 -3.69324 0.0156879 0.999285 -0.00219898 -0.0145828 -0.034817
373.pcd -3.93728 -3.72055 0.0155845 0.999782 0.000363694 -0.017052 -0.0120554
374.pcd -3.3706 -3.73351 0.0124825 0.999856 0.00196155 -0.0138173 -0.00966689
375.pcd -2.83741 -3.75874 0.00680647 0.999789 0.00177442 -0.0130243 -0.0157666
376.pcd -2.27952 -3.78733 0.00824181 0.999666 0.00100535 -0.0171951 -0.0192772
377.pcd -1.69078 -3.81805 0.00582714 0.999623 0.00181491 -0.0156792 -0.0224723
378.pcd -1.15863 -3.85269 0.00813251 0.999543 0.00292331 -0.0183937 -0.0238046
379.pcd -0.569759 -3.88219 0.00670478 0.999865 0.000776067 -0.0134289 -0.00940303
380.pcd -0.0541643 -3.88491 0.00138259 0.999892 0.00229226 -0.0143894 0.00212312
381.pcd 0.47256 -3.88076 -0.000778161 0.999854 0.00428732 -0.0158906 0.00450979
382.pcd 1.06105 -3.87821 0.00324549 0.999826 0.00651803 -0.0162556 0.0064059
383.pcd 1.56446 -3.87975 -9.92086e-05 0.999815 0.00870601 -0.0170166 0.00222118
384.pcd 2.08431 -3.8814 -0.00210248 0.999833 0.00831578 -0.0162642 0.000198417
385.pcd 2.63227 -3.89073 -0.00197908 0.99987 0.00823845 -0.0137856 -0.0016135
386.pcd 3.13448 -3.89864 -0.00957836 0.999905 0.00881575 -0.0100462 -0.00338963
387.pcd 3.71328 -3.90719 -0.0167534 0.999897 0.00593696 -0.0107608 -0.00737892
388.pcd 4.29946 -3.92028 -0.0180266 0.999833 0.000325624 -0.015902 -0.00901001
389.pcd 4.86527 -3.93629 -0.0169733 0.999799 0.00354939 -0.015993 -0.0115716
390.pcd 5.40851 -3.94586 -0.0151141 0.999834 0.00447052 -0.0154279 -0.00862497
391.pcd 5.97781 -3.94055 -0.0223985 0.999873 0.0046649 -0.0111015 0.0104784
392.pcd 6.53475 -3.91295 -0.0287417 0.999466 0.00341059 -0.0138307 0.0294204
393.pcd 7.06762 -3.91371 -0.029747 0.999896 0.00389087 -0.0126372 -0.00579013
394.pcd 7.61514 -3.93235 -0.0339901 0.999793 0.00687055 -0.0135144 -0.0135333
395.pcd 8.15616 -3.91112 -0.0420223 0.99962 0.00697317 -0.0104544 0.0245423
396.pcd 8.82608 -3.87029 -0.0495878 0.999575 0.00713293 -0.0126301 0.0253012
397.pcd 9.37938 -3.87075 -0.0498802 0.99984 0.00338289 -0.01588 -0.00744269
398.pcd 9.90235 -3.88378 -0.0553465 0.999794 0.00326468 -0.0157761 -0.0123666
399.pcd 10.4414 -3.89666 -0.0596328 0.999882 0.00135068 -0.0130911 -0.00798122
400.pcd 10.9485 -3.88278 -0.0630722 0.999877 0.00277904 -0.0136948 0.00710302
401.pcd 11.4869 -3.87999 -0.0554858 0.999683 0.00302915 -0.0249344 -0.00175572
402.pcd 12.0375 -3.88643 -0.0653001 0.999893 0.00651811 -0.00655504 -0.0112976
403.pcd 12.5901 -3.89309 -0.0771017 0.999928 0.00416129 -0.00818888 -0.0077422
404.pcd 13.0957 -3.8998 -0.0824108 0.999909 0.00495079 -0.0124108 -0.002056
405.pcd 13.6245 -3.90187 -0.0874631 0.999917 0.00316944 -0.0123171 -0.00192025
406.pcd 14.1437 -3.90633 -0.096147 0.999963 0.000338025 -0.00781723 -0.00355158
407.pcd 14.6951 -3.91369 -0.101882 0.999938 0.0015546 -0.00990115 -0.00484127
408.pcd 15.2485 -3.92341 -0.106978 0.999895 0.00156266 -0.0124381 -0.00726844
409.pcd 15.8127 -3.93657 -0.112613 0.999869 0.00316344 -0.0123812 -0.00993617
410.pcd 16.4113 -3.95482 -0.119373 0.999802 0.00519455 -0.014398 -0.0127469
411.pcd 17.0328 -3.97761 -0.122745 0.999736 0.00470513 -0.0162374 -0.0155536
412.pcd 17.5881 -3.98892 -0.135055 0.999919 0.00380683 -0.0101703 -0.00662554
413.pcd 18.1225 -3.99328 -0.141696 0.999926 0.00138336 -0.0119037 -0.00225921
414.pcd 18.7326 -3.96843 -0.148499 0.999556 0.000496595 -0.00911453 0.0283688
415.pcd 19.2773 -3.94754 -0.155862 0.999797 0.00328784 -0.0110382 0.0165226
416.pcd 19.8059 -3.94554 -0.157898 0.999906 0.00465834 -0.0127359 0.00202326
417.pcd 20.3494 -3.95168 -0.165844 0.999899 0.00309355 -0.0111587 -0.00825099
418.pcd 20.8959 -3.96772 -0.167307 0.999799 2.83394e-05 -0.0154555 -0.0128079
419.pcd 21.4553 -3.95269 -0.171589 0.99972 0.00259077 -0.0154561 0.0177453
420.pcd 22.0357 -3.93581 -0.179003 0.999778 0.00625709 -0.0111833 0.0167423
421.pcd 22.5916 -3.92032 -0.186038 0.999879 0.00508401 -0.0128859 0.00700924
422.pcd 23.172 -3.92708 -0.190025 0.99987 0.00355796 -0.0155389 -0.00257366
423.pcd 23.7252 -3.93679 -0.188861 0.999765 0.00563478 -0.019062 -0.00866477
424.pcd 24.2741 -3.95127 -0.192251 0.999807 0.00863846 -0.0132779 -0.0116239
425.pcd 24.8242 -3.97263 -0.205875 0.999841 0.00675357 -0.00592758 -0.0154122
426.pcd 25.3774 -3.99369 -0.207472 0.99965 -0.00163961 -0.0141381 -0.0222822
427.pcd 25.946 -4.02133 -0.219184 0.99971 -0.000333554 -0.00615619 -0.0232624
428.pcd 26.4872 -4.04073 -0.226414 0.99989 0.00458454 -0.0103981 -0.00955503
429.pcd 27.0177 -4.04635 -0.235108 0.999932 0.0041364 -0.0107437 -0.00180384
430.pcd 27.5366 -4.04299 -0.233155 0.999806 0.00323152 -0.0189449 0.00420422
431.pcd 28.0904 -4.03913 -0.235474 0.999865 0.00121312 -0.0150363 0.00651059
432.pcd 28.6089 -4.05576 -0.233162 0.999253 -0.00229096 -0.0184915 -0.0338622
433.pcd 28.8432 -4.1437 -0.23705 0.988182 -0.00611573 -0.0157462 -0.152353
434.pcd 28.9687 -4.26787 -0.237408 0.964441 -0.00671731 -0.0113198 -0.263972
435.pcd 29.0822 -4.41395 -0.239789 0.9301 -0.00893496 -0.00972754 -0.367068
436.pcd 29.1627 -4.56602 -0.2402 0.89165 -0.0109619 -0.00747313 -0.45253
437.pcd 29.123 -4.6185 -0.238056 0.837118 -0.0124554 -0.00800109 -0.546822
438.pcd 29.2205 -5.11606 -0.236726 0.789699 -0.0135466 -0.00741967 -0.613301
439.pcd 29.3042 -5.64829 -0.235909 0.762701 -0.0151485 -0.00856369 -0.646517
440.pcd 29.3372 -6.1844 -0.236606 0.729532 -0.0130827 -0.00808548 -0.683774
441.pcd 29.356 -6.74394 -0.237301 0.717273 -0.0124021 -0.00896174 -0.696624
442.pcd 29.3655 -7.24449 -0.237663 0.715095 -0.0113055 -0.0111404 -0.698847
443.pcd 29.3684 -7.79833 -0.235739 0.710316 -0.0132325 -0.0135731 -0.703628
444.pcd 29.3645 -8.31579 -0.234222 0.707226 -0.011986 -0.0118485 -0.706786
445.pcd 29.365 -8.87169 -0.232213 0.706768 -0.0142855 -0.0137288 -0.707168
446.pcd 29.377 -9.39143 -0.229914 0.715973 -0.0147446 -0.0138107 -0.697835
447.pcd 29.3917 -9.97417 -0.22987 0.716169 -0.0140403 -0.014095 -0.697643
448.pcd 29.4031 -10.5827 -0.227589 0.715021 -0.0122634 -0.0154023 -0.698826
449.pcd 29.4152 -11.1753 -0.225049 0.714489 -0.0125274 -0.0145598 -0.699383
450.pcd 29.4247 -11.7017 -0.221433 0.7129 -0.00953259 -0.013863 -0.701064
451.pcd 29.4293 -12.3321 -0.218124 0.712536 -0.0118602 -0.0190111 -0.701278
452.pcd 29.4359 -12.9345 -0.211207 0.709925 -0.0152472 -0.0175615 -0.703893
453.pcd 29.4404 -13.4737 -0.215232 0.709961 -0.011311 -0.010982 -0.704064
454.pcd 29.4374 -13.9769 -0.216013 0.707876 -0.0130709 -0.0128685 -0.706098
455.pcd 29.4368 -14.5427 -0.211843 0.706091 -0.0142551 -0.0151166 -0.707816
456.pcd 29.4321 -15.1237 -0.207743 0.7037 -0.0160298 -0.0150527 -0.710157
457.pcd 29.4168 -15.6919 -0.203735 0.700837 -0.0143422 -0.012376 -0.713069
458.pcd 29.3988 -16.2693 -0.207636 0.699719 -0.00656876 -0.0110396 -0.714303
459.pcd 29.3785 -16.8444 -0.216151 0.696865 -0.00771713 -0.0128216 -0.717046
460.pcd 29.3606 -17.3533 -0.219166 0.695238 -0.0110495 -0.015179 -0.718535
461.pcd 29.3331 -17.9334 -0.214919 0.692492 -0.0160955 -0.0164663 -0.721058
462.pcd 29.301 -18.5194 -0.211197 0.68882 -0.0129587 -0.0122102 -0.724714
463.pcd 29.2508 -18.808 -0.213154 0.607092 -0.0153824 -0.00823496 -0.79444
464.pcd 29.1869 -18.8161 -0.2122 0.522333 -0.015807 -0.00807688 -0.852557
465.pcd 29.0914 -18.8101 -0.209984 -0.397949 0.0175205 0.0069137 0.917214
466.pcd 29.0388 -18.7813 -0.20921 -0.301483 0.0172078 0.00642298 0.953295
467.pcd 29.0131 -18.7524 -0.209668 -0.206442 0.0184714 0.00601929 0.978266
468.pcd 29.019 -18.7296 -0.207922 -0.110258 0.0191003 0.00396752 0.993711
469.pcd 28.4609 -18.7613 -0.205433 -0.0401555 0.0199528 0.00910359 0.998953
470.pcd 27.8742 -18.7983 -0.202613 -0.0310457 0.0196914 0.00764823 0.999295
471.pcd 27.2941 -18.8349 -0.192008 -0.026856 0.0272473 0.00706477 0.999243
472.pcd 26.7587 -18.8291 -0.185695 0.00837811 0.024325 0.0052723 0.999655
473.pcd 26.1889 -18.7907 -0.179161 0.0302597 0.0221492 0.0060305 0.999278
474.pcd 25.6419 -18.8056 -0.174415 -0.0291587 0.0239212 0.00535451 0.999274
475.pcd 25.0465 -18.8327 -0.16653 -0.0155076 0.022958 0.00476417 0.999605
476.pcd 24.4553 -18.7937 -0.156657 0.0343804 0.0241466 -0.000428498 0.999117
477.pcd 23.8858 -18.7384 -0.1544 0.0478566 0.0214193 -0.00110003 0.998624
478.pcd 23.3176 -18.7048 -0.146884 0.0231015 0.0258158 -0.00374118 0.999393
479.pcd 22.7865 -18.6928 -0.13526 0.00940376 0.0287361 0.00136593 0.999542
480.pcd 22.2637 -18.6902 -0.133212 0.00180124 0.0222301 0.00284643 0.999747
481.pcd 21.7092 -18.6867 -0.125037 -0.000506996 0.0233503 0.00483079 0.999716
482.pcd 21.1186 -18.6856 -0.113911 -0.000323833 0.0275445 0.00637258 0.9996
483.pcd 20.5361 -18.6836 -0.102824 0.00257145 0.0271795 0.00405479 0.999619
484.pcd 20.0137 -18.6764 -0.097726 0.00409656 0.0246397 0.00338847 0.999682
485.pcd 19.4996 -18.6685 -0.0926868 0.00651441 0.025418 0.00390504 0.999648
486.pcd 18.9903 -18.6562 -0.0871629 0.00927002 0.0217306 0.00417937 0.999712
487.pcd 18.4716 -18.6424 -0.0822615 0.0113762 0.0228973 0.00552462 0.999658
488.pcd 17.9655 -18.631 -0.0784296 0.0133274 0.0234241 0.00432968 0.999627
489.pcd 17.3534 -18.615 -0.0753274 0.010618 0.0210394 0.00506566 0.999709
490.pcd 16.744 -18.5988 -0.0648905 0.0105428 0.0257099 0.00486425 0.999602
491.pcd 16.1307 -18.5801 -0.0600362 0.012827 0.0238045 0.00468484 0.999623
492.pcd 15.6153 -18.5694 -0.0556911 0.014167 0.0214839 0.00354271 0.999663
493.pcd 15.0014 -18.5481 -0.052422 0.0166762 0.0180853 0.00511158 0.999684
494.pcd 14.4881 -18.5246 -0.0469283 0.0193574 0.0224382 0.00726428 0.999534
495.pcd 13.9795 -18.4995 -0.0419435 0.0214235 0.0248986 0.00739118 0.999433
496.pcd 13.4758 -18.4839 -0.0345866 0.00804393 0.0240396 0.00702291 0.999654
497.pcd 12.9686 -18.4977 -0.0282882 -0.0234464 0.0224165 0.00796882 0.999442
498.pcd 12.4672 -18.5137 -0.0204116 -0.0134678 0.0282782 0.00834563 0.999475
499.pcd 11.9539 -18.508 -0.0181025 0.0027678 0.0187745 0.00729744 0.999793
500.pcd 11.4476 -18.4943 -0.0140866 0.0127834 0.0196603 0.00493068 0.999713
501.pcd 10.945 -18.4719 -0.0066508 0.0198034 0.0262343 0.0045031 0.99945
502.pcd 10.445 -18.4494 -0.00601179 0.0153287 0.0233044 0.00782042 0.99958
503.pcd 9.91681 -18.4401 -0.00358416 0.00524869 0.019292 0.00913668 0.999758
504.pcd 9.40082 -18.435 -0.0030152 0.00101998 0.0188612 0.00818169 0.999788
505.pcd 8.89681 -18.4363 0.00404283 0.000341832 0.0218361 0.00381178 0.999754
506.pcd 8.37907 -18.4266 0.0118522 0.00709885 0.0244263 0.00327195 0.999671
507.pcd 7.85616 -18.4116 0.0151895 0.0124951 0.0199203 0.00597756 0.999706
508.pcd 7.24612 -18.3857 0.0174728 0.0180448 0.0221761 0.00911008 0.99955
509.pcd 6.71925 -18.3563 0.0190687 0.0223131 0.0214218 0.00827381 0.999487
510.pcd 6.13623 -18.3363 0.0251764 0.0103176 0.0217583 0.0106331 0.999653
511.pcd 5.5182 -18.3372 0.0309394 0.000315413 0.0236698 0.00747242 0.999692
512.pcd 4.99322 -18.3366 0.0377775 -0.00240789 0.0215507 0.00705969 0.99974
513.pcd 4.46668 -18.3394 0.042042 -0.000189885 0.0201123 0.00757197 0.999769
514.pcd 3.9455 -18.3295 0.0451186 0.0026045 0.0201363 0.00708767 0.999769
515.pcd 3.44373 -18.3183 0.0443537 0.00464352 0.0169861 0.00466458 0.999834
516.pcd 2.91862 -18.3034 0.0412123 0.00725986 0.0146062 0.0052502 0.999853
517.pcd 2.39128 -18.2872 0.0419896 0.00997497 0.0208258 0.00939291 0.999689
518.pcd 1.85879 -18.2752 0.0387562 0.0117925 0.0182804 0.0107489 0.999706
519.pcd 1.24361 -18.2545 0.0455931 0.0162671 0.0243855 0.0106948 0.999513
520.pcd 0.629477 -18.2418 0.0465958 0.0057372 0.0195129 0.00898317 0.999753
521.pcd 0.108589 -18.2465 0.0525673 -0.00370534 0.0237821 0.00585524 0.999693
522.pcd -0.481684 -18.2469 0.0581996 -0.0050586 0.0228866 0.00666248 0.999703
523.pcd -1.08603 -18.2521 0.0631919 -0.00266796 0.0206964 0.00692188 0.999758
524.pcd -1.65212 -18.2532 0.0680143 -0.00127212 0.0234509 0.00611776 0.999705
525.pcd -2.18679 -18.2481 0.0729359 0.00187705 0.0203394 0.00939904 0.999747
526.pcd -2.77419 -18.2442 0.0793022 0.0066182 0.0228183 0.00865749 0.99968
527.pcd -3.2815 -18.2358 0.0771757 0.0104124 0.0145353 0.00615419 0.999821
528.pcd -3.78192 -18.2196 0.0769914 0.0154027 0.0187932 0.00488765 0.999693
529.pcd -4.29589 -18.2008 0.0762378 0.017245 0.0159984 0.00694771 0.999699
530.pcd -4.79975 -18.1807 0.0767363 0.0214782 0.0166344 0.0078171 0.9996
531.pcd -5.32814 -18.1499 0.0751569 0.024469 0.0172863 0.00876355 0.999513
532.pcd -5.8983 -18.1241 0.0734669 0.0214385 0.0160362 0.00940131 0.999597
533.pcd -6.47283 -18.1151 0.0755446 0.00292334 0.0180015 0.00864012 0.999796
534.pcd -6.98802 -18.118 0.0759328 -0.0100155 0.0215333 0.00905153 0.999677
535.pcd -7.58547 -18.1391 0.0793863 -0.0164975 0.017663 0.00774867 0.999678
536.pcd -8.1769 -18.1374 0.0823512 0.000430009 0.0219736 0.00791502 0.999727
537.pcd -8.76238 -18.117 0.0852855 0.0169418 0.021134 0.0106345 0.999577
538.pcd -9.33791 -18.1071 0.0870702 0.00714343 0.0181883 0.0101479 0.999758
539.pcd -9.91751 -18.099 0.0863905 0.00937895 0.0174706 0.00557006 0.999788
540.pcd -10.4989 -18.0775 0.0837831 0.0176145 0.0146021 0.00274054 0.999734
541.pcd -11.0083 -18.0536 0.0844892 0.0223979 0.0173084 0.00407161 0.999591
542.pcd -11.5393 -18.0296 0.0826434 0.0254709 0.0167234 0.0051991 0.999522
543.pcd -12.1383 -18.0024 0.0849524 0.0164788 0.0182748 0.00495319 0.999685
544.pcd -12.6623 -17.9947 0.0856604 0.00210192 0.0187638 0.00507023 0.999809
545.pcd -13.1642 -17.9958 0.0858654 -0.0037494 0.0185338 0.00728537 0.999795
546.pcd -13.7893 -17.9952 0.0879437 -0.00245035 0.0179314 0.00673368 0.999814
547.pcd -14.3413 -17.9973 0.0864955 -0.000802611 0.0153793 0.00698109 0.999857
548.pcd -14.8977 -17.9962 0.0842691 -0.000234726 0.0171335 0.00626904 0.999834
549.pcd -15.4247 -17.986 0.084436 0.00248406 0.0154409 0.00652902 0.999856
550.pcd -15.9805 -17.9778 0.0831551 0.00464221 0.0158227 0.00757214 0.999835
551.pcd -16.5045 -17.9662 0.0795795 0.00728966 0.015329 0.00871051 0.999818
552.pcd -17.0343 -17.9496 0.0801037 0.00973531 0.0153638 0.00910216 0.999793
553.pcd -17.5436 -17.9378 0.0786233 0.0122726 0.0156082 0.0108359 0.999744
554.pcd -18.1477 -17.9158 0.073684 0.0172495 0.0152738 0.0114556 0.999669
555.pcd -18.7711 -17.8855 0.072183 0.0210802 0.0177831 0.0117702 0.99955
556.pcd -19.2981 -17.8594 0.0731386 0.0238013 0.0164917 0.0096591 0.999534
557.pcd -19.8204 -17.8311 0.0647019 0.0265113 0.00930343 0.00820786 0.999572
558.pcd -20.445 -17.7913 0.0654324 0.0294336 0.0188694 0.00722077 0.999363
559.pcd -20.956 -17.7553 0.0608954 0.0333291 0.0144802 0.00727618 0.999313
560.pcd -21.4973 -17.7121 0.0634743 0.0350217 0.0187214 0.00830525 0.999177
561.pcd -22.0253 -17.6703 0.060767 0.0370706 0.0151575 0.0105003 0.999143
562.pcd -22.5484 -17.6329 0.0570801 0.0364746 0.0148324 0.0105678 0.999169
563.pcd -22.9868 -17.5485 0.0605109 0.135991 0.0134965 0.00453743 0.990608
564.pcd -22.9833 -17.4819 0.0598476 0.255244 0.0129215 0.00166166 0.966789
565.pcd -22.9638 -17.4255 0.0612375 0.366875 0.012779 -0.00104669 0.930182
566.pcd -22.9288 -17.383 0.0610161 0.467864 0.0120004 -0.00370178 0.883711
567.pcd -22.886 -17.3509 0.0593812 0.556339 0.0121569 -0.00377772 0.830858
568.pcd -22.83 -17.326 0.0619644 0.643801 0.0125328 -0.00529726 0.765072
569.pcd -22.9297 -16.7617 0.0616167 0.643183 0.0158659 -0.00523181 0.76553
570.pcd -23.0276 -16.1856 0.0542627 0.64581 0.0120973 -0.00210427 0.763399
571.pcd -23.0994 -15.6655 0.0495178 0.657921 0.0140724 -0.00600162 0.752932
572.pcd -23.1503 -15.159 0.0480769 0.675319 0.0135635 -0.0102395 0.737329
573.pcd -23.1465 -14.5885 0.0492065 0.706552 0.0161427 -0.00946422 0.707414
574.pcd -23.1402 -14.0576 0.0494015 0.713983 0.0140681 -0.00959088 0.699956
575.pcd -23.122 -13.5407 0.0461132 0.713595 0.0132374 -0.00645336 0.700404
576.pcd -23.1337 -13.0227 0.0419912 0.694131 0.0120569 -0.00613943 0.719722
577.pcd -23.1619 -12.4877 0.0430328 0.688543 0.0141001 -0.00833252 0.72501
578.pcd -23.1834 -11.9081 0.0371521 0.692347 0.0126593 -0.00546346 0.721433
579.pcd -23.1963 -11.3167 0.036815 0.694963 0.0163515 -0.00833819 0.718811
580.pcd -23.2101 -10.7287 0.0369144 0.697431 0.0160804 -0.00930168 0.716411
581.pcd -23.2215 -10.1634 0.0459722 0.699198 0.0191239 -0.0148888 0.714517
582.pcd -23.2266 -9.58291 0.034431 0.703108 0.00825189 -0.00189122 0.711033
583.pcd -23.2312 -9.00238 0.0275747 0.703975 0.0123326 -0.00674528 0.710086
584.pcd -23.2113 -8.43415 0.0277276 0.718814 0.00934929 -0.00774624 0.695096
585.pcd -23.177 -7.85642 0.0300532 0.727336 0.0122136 -0.0108744 0.686087
586.pcd -23.1325 -7.2686 0.0259892 0.733406 0.0129124 -0.00745029 0.679628
587.pcd -23.0752 -6.65997 0.0151517 0.738256 0.0127552 -0.00471406 0.674384
588.pcd -23.0369 -6.05153 0.0133741 0.721723 0.0106163 -0.00893465 0.692043
589.pcd -23.0359 -5.43901 0.0141691 0.701212 0.010241 -0.00881945 0.712825
590.pcd -23.0513 -4.93286 0.00896821 0.695197 0.00786804 -0.0108781 0.718694
591.pcd -23.0476 -4.31603 -0.000732499 0.711657 0.00893134 -0.0122839 0.702363
592.pcd -23.0164 -3.71917 -0.00474046 0.724434 0.00805552 -0.00940741 0.689233
593.pcd -22.9695 -3.11939 -0.0187863 0.732967 0.00609425 -0.00496464 0.680219
594.pcd -22.9184 -2.51296 -0.0240655 0.738483 0.00919753 -0.00883656 0.674152
595.pcd -22.7938 -1.9928 -0.0265892 0.810591 0.00917962 -0.0129294 0.585398
596.pcd -22.6422 -1.73188 -0.0294802 0.86122 0.00403226 -0.0119905 0.508074
597.pcd -22.5405 -1.67757 -0.0311001 0.916008 0.00396009 -0.0140928 0.400894
598.pcd -22.4787 -1.67812 -0.0327885 0.953163 0.00257121 -0.0143302 0.302106
599.pcd -22.4355 -1.71257 -0.0306457 0.97954 0.00145625 -0.0166159 0.200556
600.pcd -22.4098 -1.76708 -0.0301284 0.99504 0.00170189 -0.0176256 0.0978885
601.pcd -22.3841 -1.82289 -0.0254306 0.999774 0.0015306 -0.0211926 9.57192e-05
602.pcd -21.8603 -1.85542 0.0136252 0.997711 -0.000114529 -0.0642503 -0.0210931
603.pcd -21.4023 -1.82697 -0.0188024 0.99861 -0.0023856 0.0191477 0.0490522
604.pcd -20.9043 -1.72257 -0.0140667 0.995172 0.000313424 -0.0203294 0.0960183
605.pcd -20.2943 -1.63683 -0.0150743 0.998088 0.00276225 -0.0147601 0.0599576
606.pcd -19.7665 -1.59069 -0.0169047 0.998698 -0.00209538 -0.0178761 0.0477282
607.pcd -19.1862 -1.49548 -0.0185976 0.99623 -0.00361706 -0.0164515 0.0851033
608.pcd -18.6532 -1.43671 -0.0183882 0.999331 -0.00501775 -0.0168189 0.0320951
609.pcd -18.0665 -1.4984 -0.0164493 0.998112 -0.00582166 -0.0171498 -0.0586906
610.pcd -17.4706 -1.56123 -0.0170445 0.998816 -0.00474059 -0.0199082 -0.0441392
611.pcd -16.8671 -1.59924 -0.0130924 0.999668 0.000125366 -0.0191018 -0.0173158
612.pcd -16.2681 -1.59966 -0.0103622 0.999811 -0.00154691 -0.0188671 0.00453922
613.pcd -15.7487 -1.5824 -0.0129832 0.99975 -0.000250799 -0.0189151 0.0119361
614.pcd -15.1579 -1.57474 -0.00646216 0.999684 -0.00113466 -0.0204307 0.0146059
615.pcd -14.5338 -1.56161 -0.00517529 0.999838 -0.00051556 -0.014492 0.0106746
616.pcd -13.9321 -1.55315 -0.00144274 0.999745 0.00179439 -0.0206084 0.00909844
617.pcd -13.3048 -1.54823 0.000644474 0.9998 0.00290206 -0.0188458 0.00595984
618.pcd -12.7973 -1.54733 0.00249524 0.999789 0.00460955 -0.0197669 0.00310531
619.pcd -12.2858 -1.55261 0.00426466 0.999811 0.00352613 -0.0182348 -0.00574898
620.pcd -11.7793 -1.56258 0.00127849 0.999857 -0.000725043 -0.0152464 -0.00725971
621.pcd -11.2758 -1.55714 -0.00159897 0.999882 -0.00247446 -0.0146549 0.00376406
622.pcd -10.7695 -1.54931 -0.00243869 0.999829 -0.00200678 -0.0169709 0.00713531
623.pcd -10.2293 -1.56368 -0.00029595 0.99969 -0.00145309 -0.0190588 -0.0159657
624.pcd -9.72328 -1.59562 -0.00589726 0.999428 -0.000434424 -0.0148027 -0.0304006
625.pcd -9.21379 -1.63801 -0.00706943 0.99901 -0.00185841 -0.0133113 -0.0423988
626.pcd -8.70367 -1.68672 0.00304305 0.998683 -0.000108176 -0.0240553 -0.045326
627.pcd -8.10825 -1.73998 0.00398058 0.999232 0.00297298 -0.0201784 -0.0334566
628.pcd -7.52263 -1.77163 0.0041202 0.999526 0.00221666 -0.0168419 -0.0256561
629.pcd -6.91451 -1.80873 0.00178479 0.999604 0.00305368 -0.0170417 -0.0221679
630.pcd -6.32265 -1.84151 -0.000647047 0.999622 0.0034535 -0.015603 -0.022366
631.pcd -5.82057 -1.88035 -0.000944344 0.999433 0.0040521 -0.0134871 -0.0305759
632.pcd -5.23375 -1.90603 0.00255048 0.999696 0.00366617 -0.0223316 -0.00976478
633.pcd -4.5992 -1.89384 0.00501162 0.999691 0.00188733 -0.0181317 0.0168863
634.pcd -3.97713 -1.86918 0.00650183 0.999397 0.00188823 -0.0196671 0.0285379
635.pcd -3.44787 -1.84552 0.0110373 0.999648 0.00275265 -0.0155924 0.0212792
636.pcd -2.93319 -1.85626 0.00845928 0.999894 0.00186328 -0.0141053 -0.00307035
637.pcd -2.41339 -1.88065 0.00557323 0.999767 0.00250874 -0.0153918 -0.014908
638.pcd -1.90385 -1.90706 0.00267066 0.999623 0.00204922 -0.0144857 -0.0232211
639.pcd -1.39009 -1.94112 -0.00163228 0.999426 0.00127636 -0.0156651 -0.0300176
640.pcd -0.786414 -1.9759 -0.00188413 0.999775 0.00279166 -0.0149977 -0.0147652
641.pcd -0.274716 -1.98647 -0.0011906 0.999842 0.0043184 -0.0162077 -0.00585243
642.pcd 0.271467 -1.99618 0.00220945 0.999802 0.00711265 -0.0181968 -0.00368064
643.pcd 0.807325 -2.00173 0.00648513 0.999753 0.0101327 -0.0191939 -0.00484199
644.pcd 1.36765 -2.01384 0.00539009 0.999743 0.0124309 -0.0175348 -0.00727494
645.pcd 1.9319 -2.02497 0.000661526 0.999823 0.00896578 -0.0148784 -0.00726272
646.pcd 2.48525 -2.04127 -0.00300391 0.999803 0.0080084 -0.0141696 -0.0113652
647.pcd 3.05574 -2.05415 -0.00584638 0.999822 0.00671429 -0.0121113 -0.0128187
648.pcd 3.62825 -2.07177 -0.0129687 0.999781 0.00527474 -0.0141932 -0.0144391
649.pcd 4.17395 -2.09641 -0.0125218 0.999747 0.00662442 -0.0142418 -0.0160955
650.pcd 4.73895 -2.1202 -0.0159718 0.999763 0.00640396 -0.0144433 -0.0149898
651.pcd 5.29239 -2.12407 -0.0205892 0.999847 0.00388543 -0.0157145 0.00660671
652.pcd 5.83576 -2.09411 -0.0233502 0.999604 0.0059439 -0.014066 0.023625
653.pcd 6.41653 -2.08573 -0.0298958 0.999865 0.00739864 -0.0141314 0.00390501
654.pcd 6.9812 -2.10199 -0.0347614 0.99978 0.00527227 -0.0152642 -0.0134216
655.pcd 7.69722 -2.1412 -0.0342992 0.999455 0.000505251 -0.0143444 -0.029738
656.pcd 8.2923 -2.18672 -0.0411687 0.999362 -0.000524789 -0.0121466 -0.0335788
657.pcd 8.83495 -2.20719 -0.0484636 0.99984 0.00203985 -0.0119836 -0.0131082
658.pcd 9.36476 -2.20496 -0.0576791 0.999909 0.00320838 -0.0130296 -0.00113324
659.pcd 9.93175 -2.19991 -0.0621993 0.999901 0.00429125 -0.0126871 0.0043386
660.pcd 10.5031 -2.19057 -0.0747416 0.999912 0.00475789 -0.0109953 0.00568145
661.pcd 11.0804 -2.17658 -0.0726581 0.999756 0.00543658 -0.0208219 0.00499194
662.pcd 11.6662 -2.16769 -0.0736233 0.999945 0.00576247 -0.00839238 0.00256556
663.pcd 12.2677 -2.16198 -0.0701219 0.999978 0.00236944 -0.00596144 0.00145969
664.pcd 12.859 -2.16358 -0.0904987 0.999928 0.00483672 -0.0109892 -0.000779365
665.pcd 13.4712 -2.16677 -0.101027 0.999916 0.00508597 -0.0113123 -0.00386751
666.pcd 14.0782 -2.17856 -0.111971 0.99991 0.00464458 -0.0100639 -0.00753351
667.pcd 14.6779 -2.19243 -0.116168 0.999894 0.00272313 -0.0103304 -0.00989488
668.pcd 15.2844 -2.20779 -0.125874 0.999866 0.00431441 -0.0103 -0.0120048
669.pcd 15.8855 -2.22811 -0.127258 0.999735 0.00441024 -0.016701 -0.0151854
670.pcd 16.5019 -2.2528 -0.137563 0.999757 0.00470045 -0.010844 -0.0186161
671.pcd 17.1005 -2.28225 -0.144156 0.99967 0.00752211 -0.0122115 -0.0212965
672.pcd 17.6975 -2.30452 -0.156244 0.999719 0.00454749 -0.00811357 -0.0218082
673.pcd 18.3035 -2.32718 -0.164121 0.99983 0.00556667 -0.0105473 -0.0140332
674.pcd 18.9097 -2.34021 -0.169123 0.999877 0.00409973 -0.0119043 -0.00940284
675.pcd 19.5167 -2.3544 -0.177494 0.999884 0.00751481 -0.0110371 -0.00730278
676.pcd 20.12 -2.36914 -0.178884 0.99982 0.00876156 -0.0141075 -0.00915175
677.pcd 20.7304 -2.38229 -0.186095 0.999819 0.00938609 -0.0119542 -0.0114325
678.pcd 21.3416 -2.40083 -0.19196 0.999787 0.00544865 -0.0133693 -0.0147443
679.pcd 21.9476 -2.42342 -0.188501 0.999682 0.00330342 -0.0183129 -0.017027
680.pcd 22.5524 -2.44857 -0.188997 0.999639 0.00520574 -0.0177954 -0.0194542
681.pcd 23.1547 -2.45883 -0.197377 0.999926 -0.000191913 -0.011507 -0.00395995
682.pcd 23.7514 -2.45484 -0.203322 0.999955 -0.00130895 -0.00796917 0.00502771
683.pcd 24.3527 -2.44658 -0.209153 0.999864 0.00422197 -0.0124114 0.00998338
684.pcd 24.9691 -2.4475 -0.218063 0.999948 0.00583837 -0.00820032 -0.00138966
685.pcd 25.5588 -2.44933 -0.229006 0.999955 0.00252689 -0.00860995 0.00308439
686.pcd 26.1612 -2.44245 -0.237848 0.999847 0.00605053 -0.0117492 0.0114182
687.pcd 26.7692 -2.42689 -0.241832 0.999839 0.00683009 -0.0108907 0.0125236
688.pcd 27.3742 -2.41435 -0.250363 0.999853 0.00702833 -0.0100951 0.0119445
689.pcd 27.9614 -2.40283 -0.254118 0.999861 0.00278076 -0.0127458 0.0103983
690.pcd 28.5504 -2.38913 -0.25745 0.999918 0.000514227 -0.0102844 0.00761662
691.pcd 29.1444 -2.39059 -0.270813 0.999954 0.00320482 -0.00692205 0.00573521
692.pcd 29.7118 -2.38056 -0.278283 0.999942 0.0029032 -0.00912607 0.00500419
693.pcd 30.2384 -2.38076 -0.291319 0.999939 0.00164997 -0.00950832 0.00528342
694.pcd 30.4278 -2.41351 -0.289958 0.995644 -0.00249464 -0.0100534 -0.0926608
695.pcd 30.4213 -2.46546 -0.288234 0.979527 -0.00316155 -0.0113412 -0.200967
696.pcd 30.4158 -2.5207 -0.286983 0.954542 -0.00464736 -0.0118319 -0.297805
697.pcd 30.4153 -2.57929 -0.287211 0.917003 -0.00756924 -0.0118285 -0.398633
698.pcd 30.3849 -2.60695 -0.284994 0.877153 -0.00952277 -0.0139782 -0.479912
699.pcd 30.3418 -2.64044 -0.282168 0.823891 -0.0103663 -0.0164766 -0.566415
700.pcd 30.3039 -2.65764 -0.283388 0.770458 -0.0134822 -0.0177285 -0.637101
701.pcd 30.3965 -3.16851 -0.276221 0.768299 -0.0111948 -0.0153761 -0.639809
702.pcd 30.4949 -3.73535 -0.276197 0.766335 -0.0101653 -0.00947398 -0.642291
703.pcd 30.5969 -4.33572 -0.274979 0.763578 -0.0146375 -0.00686262 -0.645513
704.pcd 30.6824 -4.85487 -0.271583 0.762844 -0.0153538 -0.0124473 -0.64628
705.pcd 30.755 -5.38098 -0.26696 0.756629 -0.0126466 -0.0145084 -0.653561
706.pcd 30.8179 -5.9016 -0.264775 0.749435 -0.012623 -0.0165915 -0.66175
707.pcd 30.8806 -6.44958 -0.263459 0.745241 -0.0101183 -0.0116041 -0.666617
708.pcd 30.9247 -7.04168 -0.26323 0.733416 -0.0130142 -0.0133974 -0.679523
709.pcd 30.9482 -7.62048 -0.257063 0.720379 -0.0137858 -0.0148397 -0.693285
710.pcd 30.9565 -8.18574 -0.255412 0.712096 -0.0109655 -0.0133381 -0.70187
711.pcd 30.9535 -8.77301 -0.255528 0.705876 -0.00859156 -0.0138773 -0.708147
712.pcd 30.9664 -9.38803 -0.253022 0.717588 -0.00806905 -0.0180828 -0.696187
713.pcd 30.9854 -9.9854 -0.246484 0.719888 -0.00819024 -0.0198397 -0.693758
714.pcd 31.001 -10.4852 -0.245774 0.719277 -0.00594537 -0.0166538 -0.694498
715.pcd 31.0163 -10.9897 -0.245883 0.717488 -0.00762352 -0.0135451 -0.696397
716.pcd 31.0286 -11.6038 -0.245359 0.714371 -0.0104227 -0.0152285 -0.699524
717.pcd 31.0357 -12.1212 -0.243892 0.711429 -0.0123005 -0.0133595 -0.702523
718.pcd 31.0364 -12.6581 -0.239058 0.708888 -0.0139325 -0.0139641 -0.705045
719.pcd 31.0354 -13.18 -0.239972 0.707296 -0.0118625 -0.0133616 -0.706692
720.pcd 31.0307 -13.689 -0.241025 0.705313 -0.0113905 -0.012698 -0.70869
721.pcd 31.0262 -14.3012 -0.236849 0.708377 -0.0123245 -0.01677 -0.705528
722.pcd 31.0387 -14.8254 -0.23888 0.718634 -0.00883035 -0.0141974 -0.695188
723.pcd 31.0582 -15.3366 -0.240728 0.72202 -0.00851552 -0.0128903 -0.691699
724.pcd 31.0736 -15.8469 -0.241152 0.716859 -0.0083388 -0.0123045 -0.697059
725.pcd 31.0734 -16.3479 -0.241226 0.709857 -0.0116766 -0.014535 -0.704099
726.pcd 31.0633 -16.905 -0.239387 0.704627 -0.0123973 -0.0144228 -0.709323
727.pcd 31.0524 -17.5111 -0.237283 0.700379 -0.0112315 -0.0145373 -0.713534
728.pcd 31.0351 -18.0266 -0.238381 0.69832 -0.00919652 -0.0127947 -0.715612
729.pcd 31.0185 -18.5382 -0.241386 0.696357 -0.00756464 -0.0129304 -0.717539
730.pcd 30.9897 -19.1541 -0.243151 0.693493 -0.00843013 -0.0119581 -0.720315
731.pcd 30.9666 -19.7145 -0.246224 0.691814 -0.0105614 -0.00793592 -0.721954
732.pcd 30.9165 -19.7857 -0.247114 0.615687 -0.0117869 -0.00845353 -0.787857
733.pcd 30.876 -19.7788 -0.242448 0.540726 -0.0134306 -0.00832148 -0.841051
734.pcd 30.8322 -19.7556 -0.242945 -0.458544 0.0156095 0.00685466 0.888508
735.pcd 30.804 -19.7368 -0.243057 -0.373511 0.0170967 0.00579048 0.92745
736.pcd 30.7797 -19.7027 -0.24253 -0.289426 0.0183623 0.00440198 0.957014
737.pcd 30.7579 -19.6526 -0.242257 -0.167605 0.0209196 0.00363975 0.985626
738.pcd 30.7299 -19.5901 -0.240771 -0.0611725 0.0225365 0.00525367 0.997859
739.pcd 30.2207 -19.574 -0.231822 -0.0120445 0.0213901 0.0039992 0.999691
740.pcd 29.6507 -19.619 -0.226051 -0.0414541 0.0229533 0.00269315 0.998873
741.pcd 29.0912 -19.6903 -0.217759 -0.0643562 0.0229946 0.00569809 0.997646
742.pcd 28.5932 -19.7481 -0.211575 -0.0586058 0.0184448 0.00672426 0.998088
743.pcd 27.9727 -19.8088 -0.205131 -0.0415138 0.024147 0.00738919 0.998819
744.pcd 27.3598 -19.835 -0.199195 -0.0226467 0.0225617 0.0104329 0.999434
745.pcd 26.832 -19.8521 -0.198315 -0.0151951 0.0237116 0.0072468 0.999577
746.pcd 26.2118 -19.8606 -0.189236 -0.0107347 0.0235158 0.00667589 0.999644
747.pcd 25.7059 -19.87 -0.183511 -0.0111404 0.0242478 0.00781715 0.999613
748.pcd 25.2008 -19.8794 -0.180624 -0.0100174 0.01939 0.00604081 0.999744
749.pcd 24.6037 -19.885 -0.167261 -0.00872033 0.0245111 0.0102676 0.999609
750.pcd 24.079 -19.8884 -0.166767 -0.00543388 0.0194948 0.00961682 0.999749
751.pcd 23.5661 -19.889 -0.16031 -0.00253402 0.0205126 0.00802149 0.999754
752.pcd 23.0267 -19.8847 -0.155567 0.00159241 0.0203437 0.00780682 0.999761
753.pcd 22.4387 -19.8763 -0.147972 0.0049778 0.0255929 0.00690147 0.999636
754.pcd 21.8866 -19.8688 -0.13564 0.00669355 0.0236864 0.00675206 0.999674
755.pcd 21.3246 -19.8552 -0.132698 0.00804223 0.0193308 0.00840345 0.999745
756.pcd 20.8043 -19.8481 -0.126581 0.00773265 0.0226864 0.00713987 0.999687
757.pcd 20.2677 -19.8546 -0.115152 -0.00593262 0.0270126 0.00574828 0.999601
758.pcd 19.7057 -19.859 -0.102338 -0.00943246 0.0252571 0.00893333 0.999597
759.pcd 19.1394 -19.865 -0.0955673 -0.00889946 0.0233255 0.00919723 0.999646
760.pcd 18.5676 -19.8722 -0.0930868 -0.00666334 0.0207086 0.00829057 0.999729
761.pcd 18.005 -19.8778 -0.0854594 -0.00342838 0.0228558 0.0065667 0.999711
762.pcd 17.4363 -19.877 -0.0756272 -0.00117351 0.0227221 0.0061715 0.999722
763.pcd 16.8712 -19.8716 -0.0703312 0.0011115 0.0211101 0.00816533 0.999743
764.pcd 16.2887 -19.8646 -0.0657746 0.00504945 0.0204856 0.00850761 0.999741
765.pcd 15.7215 -19.8561 -0.0568718 0.00833601 0.0235642 0.0106385 0.999631
766.pcd 15.1182 -19.8406 -0.0542209 0.0122517 0.0175402 0.0109472 0.999711
767.pcd 14.5182 -19.8254 -0.0504643 0.0146125 0.0197288 0.00815707 0.999665
768.pcd 13.9915 -19.8036 -0.0422562 0.0173331 0.0229874 0.00909756 0.999544
769.pcd 13.448 -19.7776 -0.0373616 0.0212033 0.0207554 0.0100162 0.99951
770.pcd 12.8685 -19.7478 -0.025551 0.0190733 0.0270424 0.00624754 0.999433
771.pcd 12.2954 -19.7386 -0.017071 0.00242661 0.0224069 0.00654801 0.999725
772.pcd 11.6919 -19.7377 -0.0185157 -0.00189199 0.0170885 0.00656362 0.999831
773.pcd 11.106 -19.7393 -0.011264 -0.00413989 0.0220591 0.00760758 0.999719
774.pcd 10.541 -19.7412 -0.00409804 -0.00188522 0.0200536 0.00789797 0.999766
775.pcd 9.95441 -19.7357 0.00438486 0.000775172 0.0228959 0.0089972 0.999697
776.pcd 9.34636 -19.7256 0.00450999 0.00273232 0.0148945 0.00914148 0.999844
777.pcd 8.75686 -19.7163 0.0117521 0.00479011 0.0240849 0.0125438 0.99962
778.pcd 8.17683 -19.7033 0.00829699 0.00963725 0.0136109 0.011251 0.999798
779.pcd 7.60166 -19.6856 0.0157035 0.0130669 0.0229903 0.00602286 0.999632
780.pcd 7.01428 -19.6637 0.01984 0.0150825 0.0198052 0.00687242 0.999666
781.pcd 6.45005 -19.642 0.0225881 0.0189663 0.0189627 0.00780142 0.99961
782.pcd 5.9046 -19.6176 0.0317939 0.0219512 0.0251056 0.00736401 0.999417
783.pcd 5.34325 -19.59 0.0379021 0.0256941 0.0208308 0.00374019 0.999446
784.pcd 4.76992 -19.5794 0.0400373 0.00522394 0.0175563 0.00700853 0.999808
785.pcd 4.19762 -19.5763 0.0363358 -0.00535819 0.0169218 0.00878933 0.999804
786.pcd 3.60592 -19.5805 0.0423122 -0.00786816 0.0223087 0.00747486 0.999692
787.pcd 3.00746 -19.5848 0.0448066 -0.00919015 0.0165324 0.0087195 0.999783
788.pcd 2.41322 -19.5883 0.0431656 -0.00738247 0.0153505 0.0109028 0.999795
789.pcd 1.83861 -19.5934 0.0379124 -0.00588521 0.0144921 0.00939578 0.999834
790.pcd 1.26428 -19.597 0.0425277 -0.00283369 0.0198319 0.00917375 0.999757
791.pcd 0.68806 -19.5978 0.044913 -0.00604986 0.0211311 0.00985416 0.99971
792.pcd 0.100556 -19.6095 0.0474032 -0.0102013 0.0182879 0.0097109 0.999734
793.pcd -0.47337 -19.6262 0.0578016 -0.0172863 0.0240681 0.010131 0.99951
794.pcd -1.04932 -19.6603 0.06184 -0.0292667 0.0195412 0.0103272 0.999327
795.pcd -1.63233 -19.699 0.0712885 -0.0340213 0.0208213 0.00955975 0.999158
796.pcd -2.20669 -19.7377 0.0749493 -0.0347582 0.0203027 0.00881356 0.999151
797.pcd -2.77016 -19.7789 0.0808721 -0.034709 0.0214072 0.00822613 0.999134
798.pcd -3.33212 -19.8129 0.074013 -0.0333615 0.00971446 0.0080907 0.999363
799.pcd -3.8986 -19.8478 0.0758954 -0.0296448 0.0164133 0.00457109 0.999415
800.pcd -4.45769 -19.8833 0.0747686 -0.0282488 0.0174638 -0.000102868 0.999448
801.pcd -4.98916 -19.9122 0.0714953 -0.0268401 0.0124705 0.00205722 0.99956
802.pcd -5.54399 -19.9363 0.0755811 -0.0239139 0.0192693 0.00456587 0.999518
803.pcd -6.13207 -19.9598 0.0830791 -0.0216541 0.0226231 0.00664935 0.999487
804.pcd -6.72766 -19.9771 0.0841526 -0.0194685 0.0162643 0.00788634 0.999647
805.pcd -7.32435 -19.9968 0.0815688 -0.0158214 0.0141281 0.00755452 0.999746
806.pcd -7.90527 -20.0157 0.0785062 -0.0142509 0.0142129 0.00626065 0.999778
807.pcd -8.44012 -20.0266 0.0811796 -0.0119849 0.0189558 0.00323436 0.999743
808.pcd -8.98692 -20.0327 0.083684 -0.00748228 0.0171774 0.00305878 0.99982
809.pcd -9.53587 -20.0371 0.0863839 -0.00519433 0.0167809 0.00292846 0.999841
810.pcd -10.0627 -20.0381 0.0874628 -0.00308632 0.0151268 0.00573464 0.999864
811.pcd -10.5793 -20.0366 0.0871809 -0.00139042 0.0158496 0.00848412 0.999837
812.pcd -11.1027 -20.0321 0.0859203 0.00272502 0.0150871 0.00818728 0.999849
813.pcd -11.618 -20.0291 0.0864996 0.00619783 0.0176502 0.00533589 0.999811
814.pcd -12.1457 -20.015 0.0884098 0.00804777 0.0177419 0.00608666 0.999792
815.pcd -12.6827 -20.0029 0.0918539 0.0104637 0.0195987 0.00835847 0.999718
816.pcd -13.2903 -19.9816 0.091501 0.0136462 0.0152173 0.0100639 0.99974
817.pcd -13.8164 -19.961 0.0888226 0.0174911 0.0111465 0.00776086 0.999755
818.pcd -14.33 -19.9423 0.0851242 0.0174163 0.0129226 0.00632594 0.999745
819.pcd -14.8512 -19.9243 0.0856674 0.0157354 0.017182 0.00656562 0.999707
820.pcd -15.3633 -19.9078 0.0856625 0.013959 0.0162411 0.00689804 0.999747
821.pcd -15.8666 -19.9047 0.0848717 -0.00301266 0.0166079 0.00755033 0.999829
822.pcd -16.3798 -19.9072 0.0868995 -0.00361108 0.0163537 0.00719237 0.999834
823.pcd -16.9518 -19.9041 0.0860071 0.00151468 0.0158757 0.00731175 0.999846
824.pcd -17.4918 -19.895 0.0826923 0.00664544 0.0132283 0.00634247 0.99987
825.pcd -18.0365 -19.8819 0.0794131 0.010607 0.0132249 0.0049246 0.999844
826.pcd -18.5579 -19.8706 0.0766591 0.0111137 0.0127785 0.00362709 0.99985
827.pcd -19.0901 -19.8735 0.0765622 -0.00587467 0.0173054 0.004979 0.999821
828.pcd -19.6211 -19.8805 0.0742534 0.00140359 0.0156134 0.0059065 0.99986
829.pcd -20.1405 -19.8612 0.074733 0.0121238 0.0166147 0.00581456 0.999772
830.pcd -20.6739 -19.8346 0.0699304 0.0202561 0.0133666 0.00512011 0.999692
831.pcd -21.2067 -19.8025 0.0677487 0.0258149 0.0141024 0.00507359 0.999554
832.pcd -21.7289 -19.7735 0.0678027 0.0302225 0.0160057 0.00542318 0.9994
833.pcd -22.2379 -19.7391 0.0669879 0.0355069 0.0131013 0.00558225 0.999268
834.pcd -22.7489 -19.6951 0.0615172 0.0446542 0.0120746 0.00474132 0.998918
835.pcd -22.9076 -19.6501 0.0627154 0.137132 0.0115929 -0.00132529 0.990484
836.pcd -22.9507 -19.5817 0.0638763 0.244322 0.0105113 0.000165498 0.969637
837.pcd -22.9707 -19.5169 0.0634714 0.360114 0.00941113 -0.00393554 0.932852
838.pcd -22.9389 -19.4735 0.0651632 0.469203 0.00954132 -0.00745125 0.883007
839.pcd -22.8918 -19.4373 0.0665636 0.568932 0.00851291 -0.0100694 0.822279
840.pcd -22.8312 -19.3926 0.0668186 0.662445 0.00909616 -0.010788 0.748977
841.pcd -22.7793 -19.0798 0.0700455 0.72536 0.0112621 -0.0136837 0.688142
842.pcd -22.7679 -18.5657 0.069892 0.707393 0.0112374 -0.0123501 0.706624
843.pcd -22.8385 -18.0621 0.0678892 0.653249 0.0126739 -0.00651668 0.757009
844.pcd -22.9573 -17.5333 0.0640391 0.614703 0.01086 -0.00436251 0.788672
845.pcd -23.1095 -16.9994 0.0647682 0.596958 0.0157225 -0.00608687 0.802095
846.pcd -23.2896 -16.4333 0.0593157 0.589346 0.0146792 -0.00204363 0.807745
847.pcd -23.4696 -15.8711 0.0541283 0.587707 0.0155894 -0.00176549 0.808922
848.pcd -23.6257 -15.3755 0.0510915 0.58851 0.0166005 -0.00281404 0.808315
849.pcd -23.7856 -14.8571 0.0516903 0.589557 0.0178615 -0.00417887 0.807519
850.pcd -23.9523 -14.3127 0.0538338 0.593394 0.0221241 -0.00547961 0.804589
851.pcd -24.0939 -13.7608 0.056808 0.619006 0.0191127 -0.00360813 0.785146
852.pcd -24.2019 -13.2122 0.0514191 0.634031 0.0148944 -0.00221667 0.773161
853.pcd -24.287 -12.6946 0.0494762 0.646348 0.0156166 -0.00501361 0.762866
854.pcd -24.3672 -12.1286 0.0442299 0.653601 0.012264 -0.00239495 0.756736
855.pcd -24.4397 -11.5846 0.0393156 0.658456 0.0151771 -0.00320202 0.752459
856.pcd -24.4976 -10.978 0.040797 0.677936 0.0167494 -0.00756346 0.734891
857.pcd -24.5199 -10.3696 0.0387549 0.693391 0.0202948 -0.0120766 0.720175
858.pcd -24.5216 -9.85315 0.0418988 0.703533 0.0139178 -0.00719314 0.71049
859.pcd -24.5281 -9.32256 0.0315825 0.704726 0.00790989 -0.00224469 0.709432
860.pcd -24.54 -8.81222 0.0284354 0.695594 0.0123703 -0.0064921 0.718299
861.pcd -24.5604 -8.29851 0.0240282 0.686672 0.0109642 -0.0028513 0.726879
862.pcd -24.5982 -7.70061 0.0221854 0.680224 0.0166308 -0.0063051 0.732788
863.pcd -24.6382 -7.07646 0.0208142 0.683832 0.0143212 -0.0057503 0.729476
864.pcd -24.6414 -6.56521 0.0145817 0.704463 0.0115358 -0.00254277 0.709643
865.pcd -24.6323 -6.04497 0.00585631 0.714574 0.00871251 -0.00462056 0.69949
866.pcd -24.6099 -5.54079 0.00142433 0.721278 0.0110581 -0.00752879 0.692517
867.pcd -24.5812 -5.02693 -0.00184065 0.725605 0.013803 -0.00875902 0.687917
868.pcd -24.5384 -4.45509 -0.00623606 0.730618 0.0121757 -0.00875803 0.682621
869.pcd -24.4906 -3.86574 -0.0130682 0.734912 0.00908255 -0.00777076 0.678058
870.pcd -24.4385 -3.28261 -0.0193778 0.737101 0.00751035 -0.00708628 0.675703
871.pcd -24.379 -2.69403 -0.026775 0.739469 0.00893087 -0.00589958 0.673105
872.pcd -24.2907 -2.2464 -0.0278094 0.799078 0.00280834 -0.0104781 0.60113
873.pcd -24.2087 -2.14872 -0.0315982 0.850614 0.00281429 -0.00888844 0.525707
874.pcd -24.0914 -2.02516 -0.0326786 0.899728 0.00186477 -0.0119411 0.436283
875.pcd -23.9304 -1.91895 -0.0306624 0.94202 0.000473526 -0.0145476 0.335242
876.pcd -23.4288 -1.64732 -0.0312412 0.968456 0.000313567 -0.0172849 0.248584
877.pcd -23.1204 -1.5601 -0.0324919 0.990204 -0.00144762 -0.0186043 0.138378
878.pcd -22.8209 -1.54905 -0.0291031 0.999434 -0.00212885 -0.0205658 0.0265467
879.pcd -22.2476 -1.56196 -0.0271132 0.999802 -0.000985557 -0.018217 -0.00790586
880.pcd -21.6662 -1.59304 0.0134098 0.997615 -0.00224668 -0.0612208 -0.0317959
881.pcd -21.3811 -1.62324 -0.0210435 0.998973 0.00816277 0.0271728 -0.0353356
882.pcd -20.7869 -1.62898 -0.0148291 0.999834 -0.00111406 -0.0180993 0.00198476
883.pcd -20.1741 -1.57228 -0.0155262 0.99843 -0.00524429 -0.0245378 0.0500793
884.pcd -19.5682 -1.50882 -0.0157646 0.998567 -0.00102438 -0.0166797 0.0508466
885.pcd -18.9427 -1.45266 -0.0206212 0.998874 -0.000297742 -0.0140805 0.0453024
886.pcd -18.4352 -1.41064 -0.0203712 0.999189 -0.00080089 -0.0175789 0.0362282
887.pcd -17.9118 -1.40506 -0.0176045 0.999728 -0.00176071 -0.0208605 0.0103063
888.pcd -17.3615 -1.41178 -0.0158853 0.999766 0.00212918 -0.021506 -0.00093111
889.pcd -16.8358 -1.42163 -0.0179152 0.999775 0.00219547 -0.0173016 -0.012092
890.pcd -16.2186 -1.44701 -0.0136996 0.999571 0.00138515 -0.0197617 -0.0215819
891.pcd -15.6316 -1.47901 -0.0112188 0.999496 0.000226296 -0.0173515 -0.0265912
892.pcd -15.0543 -1.51243 -0.00833246 0.999536 -0.00132881 -0.0199818 -0.0229633
893.pcd -14.4985 -1.50708 -0.0084637 0.999811 -0.00347913 -0.0159233 0.0105721
894.pcd -13.9357 -1.48592 -0.00269965 0.99947 -0.00128376 -0.0207484 0.0250599
895.pcd -13.3763 -1.45133 0.000690539 0.999268 0.00102682 -0.0180582 0.0337028
896.pcd -12.7871 -1.40882 0.00291218 0.99912 0.003017 -0.0201483 0.0366527
897.pcd -12.1795 -1.36822 0.00230277 0.999222 0.00220937 -0.0155642 0.0361754
898.pcd -11.5662 -1.34209 -0.00369207 0.999733 -0.000994716 -0.0125246 0.0194151
899.pcd -10.989 -1.33004 -0.00624543 0.999851 -0.00310291 -0.0144527 0.00896898
900.pcd -10.4325 -1.25726 -0.00740921 0.994965 -0.00265863 -0.0143483 0.09915
901.pcd -9.87173 -1.07465 -0.00934295 0.985244 0.00272704 -0.0120421 0.170712
902.pcd -9.30509 -0.861264 -0.0134053 0.983315 0.00676824 -0.00984536 0.181519
903.pcd -8.7213 -0.678708 -0.00657874 0.989527 0.00378231 -0.0202497 0.142871
904.pcd -8.14846 -0.590826 -0.000315077 0.997771 0.00241665 -0.0187507 0.0639958
905.pcd -7.57114 -0.544752 -0.000935929 0.998449 1.57928e-05 -0.0187451 0.0524217
906.pcd -7.0257 -0.46552 0.00134888 0.996815 0.000690729 -0.0130237 0.0786729
907.pcd -6.46398 -0.378531 -0.00383802 0.996268 0.003328 -0.0134707 0.0851872
908.pcd -5.93592 -0.280136 -0.00862188 0.994935 0.00420431 -0.0145574 0.0993757
909.pcd -5.41559 -0.158419 -0.00943357 0.993404 0.000985282 -0.0158257 0.113569
910.pcd -4.8643 -0.0296166 -0.0144443 0.992538 1.36605e-05 -0.0161715 0.120858
911.pcd -4.32688 0.0783931 -0.0147676 0.995672 -0.00253204 -0.0146708 0.0917337
912.pcd -3.79431 0.131043 -0.0100118 0.998161 -0.0003257 -0.0181456 0.0578437
913.pcd -3.28698 0.210673 -0.00603782 0.996607 0.00178968 -0.0178494 0.0803326
914.pcd -2.72515 0.285389 -0.0023547 0.997755 0.00320062 -0.0149666 0.0652013
915.pcd -2.1956 0.323387 -0.00922323 0.999427 0.00214511 -0.0120881 0.0315319
916.pcd -1.59721 0.306263 -0.012867 0.999795 0.00170515 -0.0173614 -0.0102614
917.pcd -1.01949 0.285096 -0.0121442 0.999565 0.00176631 -0.0186232 -0.022799
918.pcd -0.471293 0.246207 -0.0084114 0.99936 0.00181725 -0.0153384 -0.0322743
919.pcd 0.0318317 0.219098 -0.00286706 0.999684 0.00283723 -0.0150712 -0.0199403
