0.pcd 2.09473e-05 -1.89053e-05 0.000345334 0.999927 0.00527791 -0.0108882 4.39385e-05
1.pcd 0.510411 -0.0336073 -0.0146758 0.99973 0.00662059 -0.0127984 -0.018204
2.pcd 1.02243 -0.056671 -0.0205119 0.999658 0.00473965 -0.00980588 -0.0237741
3.pcd 1.52753 -0.0824663 -0.0222751 0.999534 0.0040323 -0.0109192 -0.0282223
4.pcd 2.02668 -0.112619 -0.0264028 0.999431 0.00330224 -0.0114402 -0.0315539
5.pcd 2.53888 -0.111757 -0.0342876 0.999933 0.00509095 -0.0102867 -0.0016019
6.pcd 3.05166 -0.115476 -0.0389997 0.999868 0.00723422 -0.0135857 -0.00511203
7.pcd 3.56538 -0.124062 -0.0405188 0.999847 0.00612611 -0.0141705 -0.00825181
8.pcd 4.06797 -0.131437 -0.0555578 0.999875 0.00495626 -0.0102039 -0.0110363
9.pcd 4.5757 -0.147249 -0.0511554 0.999814 0.00574752 -0.0123259 -0.0137034
10.pcd 5.08827 -0.156942 -0.0607858 0.999729 0.00803377 -0.0155111 -0.0153777
11.pcd 5.6003 -0.172688 -0.0633002 0.999703 0.00576457 -0.0138327 -0.0192209
12.pcd 6.10697 -0.186161 -0.074259 0.999644 0.00380679 -0.0146487 -0.0219554
13.pcd 6.61977 -0.214373 -0.0607236 0.999612 0.00275562 -0.0135987 -0.0241335
14.pcd 7.12083 -0.238751 -0.0672927 0.999491 0.00524912 -0.0170528 -0.0264601
15.pcd 7.59761 -0.205275 -0.0589216 0.99645 0.00283623 -0.01771 0.0822576
16.pcd 7.57992 -0.16228 -0.0602418 0.983184 0.00311599 -0.0172367 0.181776
17.pcd 7.55595 -0.121469 -0.0563282 0.960389 0.0035918 -0.0174608 0.278093
18.pcd 7.52481 -0.0843557 -0.0574676 0.929969 0.00630304 -0.0161517 0.36723
19.pcd 7.48307 -0.0564606 -0.0590379 0.888751 0.00642381 -0.0145244 0.458116
20.pcd 7.43825 -0.0356382 -0.0580183 0.835982 0.00814361 -0.0129538 0.548543
21.pcd 7.38741 -0.0241859 -0.057465 0.775251 0.00884263 -0.0126243 0.631465
22.pcd 7.34178 -0.021454 -0.0529436 0.713642 0.0103698 -0.0109869 0.700348
23.pcd 7.33276 0.478613 -0.0488214 0.705216 0.0155739 -0.00957245 0.708757
24.pcd 7.36466 0.979095 -0.0401746 0.718775 0.018175 -0.0151586 0.69484
25.pcd 7.37568 1.48072 -0.0409329 0.708722 0.0150034 -0.0141349 0.705186
26.pcd 7.36118 1.99418 -0.0275209 0.700738 0.015327 -0.0118376 0.713156
27.pcd 7.41276 2.43422 -0.0384479 0.769725 0.0125005 -0.0138278 0.638103
28.pcd 7.45109 2.42644 -0.033082 0.825537 0.0103788 -0.0159892 0.564026
29.pcd 7.48517 2.40326 -0.0425877 0.876383 0.00793706 -0.0149988 0.481316
30.pcd 7.52628 2.37945 -0.0498972 0.919878 0.00355776 -0.0182799 0.391762
31.pcd 7.55051 2.3555 -0.0429322 0.9545 0.00159298 -0.0172641 0.297706
32.pcd 7.57517 2.31923 -0.0447919 0.979695 0.000369011 -0.0193189 0.19956
33.pcd 7.58397 2.27635 -0.03641 0.994317 0.00180262 -0.0194018 0.104663
34.pcd 7.58347 2.23389 -0.0417334 0.999775 0.00177852 -0.0186168 0.0100509
35.pcd 8.08496 2.18763 -0.0310633 0.999376 0.00148234 -0.0209461 -0.0284068
36.pcd 8.34556 2.12359 -0.0284956 0.991012 -0.00100543 -0.0177766 -0.132585
37.pcd 8.33186 2.08497 -0.0345729 0.975015 -0.00196999 -0.0185748 -0.221354
38.pcd 8.31293 2.04972 -0.0363523 0.951522 -0.0041535 -0.0190112 -0.306965
39.pcd 8.28945 2.01913 -0.0259216 0.919996 -0.00463881 -0.0191307 -0.391433
40.pcd 8.25921 1.99045 -0.0243907 0.881275 -0.00701299 -0.0179694 -0.47221
41.pcd 8.22685 1.96965 -0.0255349 0.834478 -0.00803628 -0.0176675 -0.5507
42.pcd 8.18712 1.94923 -0.0266016 0.780249 -0.00923834 -0.0160837 -0.625194
43.pcd 8.14507 1.9378 -0.0303173 0.720989 -0.010855 -0.0162847 -0.69267
44.pcd 8.13737 1.43536 -0.0299838 0.707678 -0.00917292 -0.0157415 -0.7063
45.pcd 8.13458 0.93092 -0.0349958 0.706601 -0.00717665 -0.0157476 -0.707401
46.pcd 8.13034 0.421928 -0.0444462 0.706434 -0.00476127 -0.0141712 -0.707621
47.pcd 8.06732 -0.0806947 -0.0448319 0.654271 -0.00900889 -0.0146484 -0.756065
48.pcd 7.98831 -0.580498 -0.0427755 0.650315 -0.0102346 -0.0129627 -0.759485
49.pcd 7.9362 -0.606005 -0.0411491 0.578035 -0.0103503 -0.0125035 -0.81585
50.pcd 7.88756 -0.590678 -0.0539312 -0.49462 0.0134086 0.0100928 0.868947
51.pcd 7.84748 -0.567192 -0.0516187 -0.40844 0.0147297 0.00890586 0.912623
52.pcd 7.80474 -0.531976 -0.0511582 -0.305508 0.0166171 0.00712086 0.952018
53.pcd 7.77912 -0.49378 -0.0547321 -0.215942 0.0171438 0.00613535 0.976236
54.pcd 7.75914 -0.459342 -0.0469133 -0.12889 0.0198313 0.00652238 0.991439
55.pcd 7.74904 -0.414558 -0.0461617 -0.0352474 0.0193919 0.00420026 0.999182
56.pcd 7.24315 -0.398383 -0.0445693 0.00910621 0.0156091 0.00565388 0.999821
57.pcd 6.73959 -0.3998 -0.0539814 -0.0032081 0.0188023 0.00492905 0.999806
58.pcd 6.22999 -0.38318 -0.0475419 0.0193562 0.0213119 0.00756133 0.999557
59.pcd 5.7233 -0.3543 -0.0560341 0.0187552 0.0214561 0.004023 0.999586
60.pcd 5.22059 -0.343872 -0.0505588 0.00709512 0.0208858 0.0018445 0.999755
61.pcd 4.7074 -0.340255 -0.0526191 0.00132822 0.0184677 0.000652398 0.999828
62.pcd 4.19821 -0.335726 -0.0540092 -0.000138551 0.0206162 0.00184619 0.999786
63.pcd 3.69148 -0.334448 -0.0458182 0.00023781 0.0243746 0.002876 0.999699
64.pcd 3.17235 -0.333584 -0.0421682 0.00296013 0.0182192 8.53368e-05 0.99983
65.pcd 2.67141 -0.329357 -0.040445 0.00542666 0.0201878 -0.000944622 0.999781
66.pcd 2.15823 -0.32028 -0.0299319 0.00771281 0.023929 0.000248113 0.999684
67.pcd 1.63859 -0.308114 -0.0326463 0.0103623 0.0206542 0.00126079 0.999732
68.pcd 1.11713 -0.293791 -0.0299108 0.014285 0.0235603 0.000644797 0.99962
69.pcd 0.610127 -0.273796 -0.0240094 0.0169422 0.024852 0.000343617 0.999548
