0.pcd 8.85412e-06 2.98055e-06 0.000565787 0.999852 -0.00135313 -0.0171663 -2.23458e-05
1.pcd 0.265591 0.0884425 0.00532949 0.995649 -0.00184394 -0.0129156 0.0922617
2.pcd 0.756381 0.207278 -0.00989737 0.992733 -0.00276159 -0.00751948 0.120068
3.pcd 0.836682 0.164573 -0.0132886 0.99964 -0.00269241 -0.00751821 0.0255953
4.pcd 1.33383 0.0741786 -0.0175736 0.998674 -0.00290241 -0.0143274 -0.049357
5.pcd 1.85177 0.0165485 -0.0227869 0.998501 -0.00113224 -0.0162416 -0.0522641
6.pcd 2.35635 -0.0427282 -0.0312826 0.998374 0.00013384 -0.0144406 -0.0551507
7.pcd 2.86287 -0.104366 -0.0415978 0.998188 -0.000601671 -0.0149719 -0.0582749
8.pcd 3.37539 -0.172723 -0.044375 0.997918 -0.000646131 -0.014879 -0.0627599
9.pcd 3.87424 -0.235443 -0.0509722 0.997804 -0.00175069 -0.00820201 -0.0657037
10.pcd 4.37861 -0.303229 -0.065045 0.997588 -0.00468365 -0.0131525 -0.0679974
11.pcd 4.90491 -0.377813 -0.0772165 0.997393 -0.00351795 -0.00959758 -0.0714324
12.pcd 5.40315 -0.444497 -0.0812482 0.997099 -0.00382644 -0.00891565 -0.0755008
13.pcd 5.90125 -0.521876 -0.0908164 0.996855 -0.00473702 -0.00821853 -0.0786722
14.pcd 6.04063 -0.601137 -0.0934243 0.984456 -0.00540361 -0.00774555 -0.175377
15.pcd 6.02781 -0.659311 -0.0899586 0.964643 -0.00779824 -0.007276 -0.263344
16.pcd 6.07098 -0.753189 -0.0874995 0.932409 -0.01042 -0.00751845 -0.361176
17.pcd 6.04429 -0.801472 -0.0884805 0.896093 -0.010993 -0.00838988 -0.44365
18.pcd 6.00984 -0.84019 -0.0841432 0.853665 -0.0127355 -0.00928485 -0.520585
19.pcd 5.95933 -0.879136 -0.0840989 0.79348 -0.0145224 -0.00721931 -0.60838
20.pcd 5.91488 -0.892734 -0.0804053 0.734031 -0.0183611 -0.00634528 -0.678838
21.pcd 5.86616 -0.897807 -0.065483 0.668895 -0.0168156 -0.00734092 -0.743131
22.pcd 5.80055 -1.39917 -0.0739252 0.670978 -0.0196114 -0.00683239 -0.741186
23.pcd 5.74984 -1.93034 -0.0796225 0.679491 -0.0195863 -0.00577712 -0.733399
24.pcd 5.71754 -2.44331 -0.059574 0.680243 -0.0204077 -0.00424936 -0.73269
25.pcd 5.67397 -2.94528 -0.0666994 0.676941 -0.0190859 -0.00692213 -0.735758
26.pcd 5.60628 -3.46952 -0.0636827 0.663368 -0.0200834 -0.00362645 -0.748015
27.pcd 5.52932 -3.99272 -0.0650533 0.656688 -0.0189454 -0.00530875 -0.753906
28.pcd 5.45036 -4.48951 -0.0721481 0.650844 -0.0184882 -0.00654066 -0.758958
29.pcd 5.38101 -4.99847 -0.065574 0.656831 -0.0192042 -0.00603896 -0.753769
30.pcd 5.36597 -5.50596 -0.0620602 0.703994 -0.0189159 -0.00117744 -0.709953
31.pcd 5.40468 -5.52904 -0.0639019 0.771165 -0.0145487 -0.00331107 -0.636461
32.pcd 5.44521 -5.51639 -0.0663787 0.827453 -0.0129385 -0.00558716 -0.561359
33.pcd 5.47704 -5.49258 -0.062902 0.879063 -0.0122052 -0.00531832 -0.476519
34.pcd 5.5091 -5.46371 -0.0663593 0.921699 -0.00946353 -0.00305173 -0.387778
35.pcd 5.53033 -5.42751 -0.0651931 0.956411 -0.00555918 -0.00534336 -0.291921
36.pcd 5.54025 -5.3861 -0.0637541 0.98014 -0.0035581 -0.0054162 -0.198202
37.pcd 5.53804 -5.35033 -0.0682442 0.994144 -0.0027151 -0.00655649 -0.107834
38.pcd 6.0589 -5.37623 -0.0852568 0.998871 0.00099527 -0.00384633 -0.0473321
39.pcd 6.5703 -5.43074 -0.0972943 0.998908 0.000801003 -0.0109412 -0.0454143
40.pcd 7.09606 -5.48163 -0.104367 0.998856 0.00129079 -0.00899317 -0.0469488
41.pcd 7.6105 -5.48142 -0.114023 0.999651 0.00146212 -0.00725591 0.0253578
42.pcd 8.13265 -5.44442 -0.120422 0.999489 0.00374349 -0.0061579 0.0311385
43.pcd 8.6429 -5.47319 -0.131129 0.999524 0.00290649 -0.00583627 -0.0301398
44.pcd 9.14989 -5.53238 -0.138798 0.998318 0.00217282 -0.00685662 -0.0575228
45.pcd 9.64829 -5.60268 -0.152307 0.997568 0.00286417 -0.00582837 -0.0693909
46.pcd 10.1603 -5.68115 -0.162652 0.997189 0.000416641 -0.00766978 -0.074536
47.pcd 10.679 -5.7293 -0.172216 0.999212 0.00010554 -0.00571171 -0.039285
48.pcd 11.2021 -5.75721 -0.185823 0.999764 0.00135215 -0.00485701 -0.0211303
49.pcd 11.7231 -5.79282 -0.202994 0.999321 0.00088064 -0.00554606 -0.0364132
50.pcd 12.2242 -5.78611 -0.214274 0.999935 -0.00202923 -0.00289567 0.0108103
51.pcd 12.7294 -5.83657 -0.227233 0.99862 -0.000899489 -0.00282066 -0.0524394
52.pcd 13.2399 -5.90135 -0.241897 0.998332 -0.00150968 -0.00417095 -0.0575697
53.pcd 13.7461 -5.94514 -0.262716 0.999224 -0.00262822 -0.00380317 -0.0391182
54.pcd 14.2543 -5.99211 -0.279611 0.998853 -0.00107687 -0.00207791 -0.0478295
55.pcd 14.7688 -6.05643 -0.292431 0.998123 -0.000575531 -0.00249167 -0.0611859
56.pcd 15.2771 -6.12752 -0.306219 0.997773 -0.00150382 -0.00265085 -0.0666337
57.pcd 15.7771 -6.20058 -0.320689 0.99753 -0.00167402 -0.00179562 -0.0701979
58.pcd 16.2916 -6.27594 -0.332674 0.997297 -0.00107809 -0.00164336 -0.0734525
59.pcd 16.8126 -6.35217 -0.343764 0.997033 -1.82825e-06 -0.00154497 -0.0769616
60.pcd 17.31 -6.44025 -0.356113 0.996222 2.83167e-05 -0.00264436 -0.0868004
61.pcd 17.8203 -6.58401 -0.368211 0.99068 -0.00276673 -0.00344246 -0.13614
62.pcd 18.3184 -6.71278 -0.38227 0.992744 -0.00342181 -0.00433525 -0.120124
63.pcd 18.8392 -6.77142 -0.399624 0.998243 -0.00335633 0.000412808 -0.059151
64.pcd 19.3593 -6.808 -0.406179 0.999269 -0.00242106 -0.00681158 -0.0375388
65.pcd 19.8804 -6.83249 -0.419291 0.999631 -6.12898e-05 -0.00636627 -0.0264001
66.pcd 20.3877 -6.88567 -0.430065 0.997632 1.09247e-05 -0.00426512 -0.0686403
67.pcd 20.5487 -6.95719 -0.434289 0.987352 -0.000905983 -0.00359118 -0.158501
68.pcd 20.5601 -7.0057 -0.437118 0.969498 -0.00259562 -0.00251854 -0.245072
69.pcd 20.5448 -7.05031 -0.438131 0.94012 -0.00796281 -0.00140151 -0.340748
70.pcd 20.531 -7.09298 -0.441745 0.906837 -0.010741 -0.00195687 -0.42134
71.pcd 20.528 -7.16028 -0.433959 0.859879 -0.00921484 -0.00170717 -0.510412
72.pcd 20.515 -7.21437 -0.431262 0.807168 -0.0149381 -0.0027 -0.590127
73.pcd 20.486 -7.2756 -0.43481 0.748649 -0.0143509 -0.0028877 -0.662805
74.pcd 20.4555 -7.3304 -0.436732 0.680426 -0.0201737 -0.00184915 -0.732537
75.pcd 20.3838 -7.82813 -0.447606 0.668774 -0.0224785 -0.0026376 -0.743121
76.pcd 20.349 -8.34088 -0.44831 0.682571 -0.0218206 -0.00513946 -0.730475
77.pcd 20.3193 -8.84557 -0.443791 0.6907 -0.0208275 -0.0092632 -0.722782
78.pcd 20.2989 -9.3739 -0.439693 0.691975 -0.019758 -0.00537376 -0.721631
79.pcd 20.2709 -9.89087 -0.435036 0.686863 -0.021175 -0.00512721 -0.726461
80.pcd 20.2213 -10.3972 -0.427467 0.67527 -0.0190207 -0.00647039 -0.737297
81.pcd 20.1639 -10.9158 -0.425583 0.667122 -0.0170584 -0.00620403 -0.744728
82.pcd 20.0998 -11.4135 -0.425332 0.660631 -0.0171956 -0.00571778 -0.750492
83.pcd 20.0252 -11.9401 -0.419829 0.655916 -0.0159107 -0.00641118 -0.754639
84.pcd 19.9477 -12.4526 -0.440722 0.656987 -0.0164027 -1.25642e-05 -0.753724
85.pcd 19.884 -12.9498 -0.448007 0.664694 -0.0161444 0.00232024 -0.746938
86.pcd 19.8222 -13.4746 -0.461346 0.663368 -0.0148227 0.000412028 -0.748146
87.pcd 19.7673 -13.5276 -0.457478 0.593591 -0.0196819 -0.000469674 -0.804526
88.pcd 19.7171 -13.5118 -0.456133 0.503191 -0.0218596 0.000338204 -0.863899
89.pcd 19.6685 -13.4895 -0.45373 -0.413258 0.0227008 -0.000824925 0.910331
90.pcd 19.6301 -13.4616 -0.449996 -0.32383 0.0241636 -0.00249265 0.945803
91.pcd 19.6048 -13.4274 -0.445817 -0.222659 0.0291141 -0.00361966 0.974455
92.pcd 19.571 -13.3994 -0.443131 -0.131888 0.0279891 -0.000479591 0.990869
93.pcd 19.5215 -13.3673 -0.443713 -0.0415202 0.0263521 -0.0043868 0.99878
94.pcd 19.4118 -13.3372 -0.442616 0.0547689 0.0254943 -0.00416128 0.998165
95.pcd 18.8959 -13.3468 -0.427549 -0.0012522 0.0295764 -0.00415051 0.999553
96.pcd 18.3813 -13.2728 -0.407004 0.0682732 0.0319218 -0.00240823 0.997153
97.pcd 17.8741 -13.182 -0.391441 0.0834756 0.0300055 0.00278102 0.996054
98.pcd 17.3683 -13.134 -0.377928 0.0428322 0.0259615 0.00226433 0.998742
99.pcd 16.8603 -13.0989 -0.36474 0.0288379 0.0287753 0.00363017 0.999163
100.pcd 16.323 -13.074 -0.35377 0.0246268 0.0293647 0.00540648 0.999251
101.pcd 15.8123 -13.0462 -0.337842 0.0291281 0.0287017 0.00618336 0.999144
102.pcd 15.3055 -13.0108 -0.322783 0.035099 0.0296929 0.00494671 0.99893
103.pcd 14.7695 -12.9689 -0.312596 0.038394 0.0292356 0.00611382 0.998816
104.pcd 14.2404 -12.9218 -0.296841 0.0415341 0.0281702 0.00711272 0.998715
105.pcd 13.7184 -12.8711 -0.277707 0.0455219 0.0316463 0.00511826 0.998449
106.pcd 13.2179 -12.8235 -0.267139 0.0494832 0.0274851 0.00172031 0.998395
107.pcd 12.6923 -12.7456 -0.24933 0.0774481 0.0294926 0.000277683 0.99656
108.pcd 12.1981 -12.6509 -0.247162 0.0926401 0.0275075 0.00323992 0.995314
109.pcd 11.7059 -12.5636 -0.237577 0.0840763 0.0281584 0.006114 0.996043
110.pcd 11.201 -12.4964 -0.224957 0.0591943 0.0248972 0.00879508 0.997897
111.pcd 10.6661 -12.4487 -0.232987 0.0498121 0.0183593 0.0034669 0.998584
112.pcd 10.1349 -12.3949 -0.224667 0.0474542 0.0301966 0.000905674 0.998416
113.pcd 9.62909 -12.3442 -0.218921 0.0469809 0.0332156 0.00179313 0.998342
114.pcd 9.10665 -12.2883 -0.191899 0.0485259 0.0330981 0.00171858 0.998272
115.pcd 8.572 -12.231 -0.173086 0.0517377 0.02794 -4.88751e-05 0.99827
116.pcd 8.03792 -12.1723 -0.165871 0.0545614 0.027589 0.0014983 0.998128
117.pcd 7.50342 -12.1138 -0.157442 0.054047 0.0265204 0.00303046 0.998182
118.pcd 6.99025 -12.0558 -0.145379 0.0537372 0.0251885 0.00593801 0.99822
119.pcd 6.47582 -11.9952 -0.127565 0.0547202 0.0238291 0.00686633 0.998194
120.pcd 5.93822 -11.9334 -0.11679 0.0580655 0.0207518 0.00258206 0.998094
121.pcd 5.4346 -11.8662 -0.117182 0.0613165 0.0294155 -0.00296391 0.99768
122.pcd 4.91558 -11.8035 -0.0860407 0.0657876 0.0354565 -0.00461752 0.997193
123.pcd 4.41695 -11.7307 -0.0825281 0.0649284 0.0256779 -0.00381726 0.997552
124.pcd 3.91327 -11.6359 -0.075841 0.112722 0.0261512 -0.00240274 0.993279
125.pcd 3.91088 -11.5851 -0.0837574 0.204216 0.0244079 -0.00437384 0.978612
126.pcd 3.92814 -11.5434 -0.0910359 0.289405 0.0244986 -0.00506979 0.95688
127.pcd 3.85641 -11.4382 -0.0809657 0.381254 0.025526 -0.00576907 0.9241
128.pcd 3.871 -11.4039 -0.0755984 0.462227 0.0213021 -0.0042758 0.886495
129.pcd 3.9128 -11.3786 -0.0829784 0.542685 0.0198458 -0.007657 0.839667
130.pcd 3.95996 -11.3544 -0.0873728 0.624902 0.0180481 -0.00560952 0.780474
131.pcd 4.00404 -11.3438 -0.0918355 0.694046 0.0200767 -0.00732226 0.719614
132.pcd 4.08407 -10.8378 -0.0924699 0.740042 0.0218951 -0.0118052 0.6721
133.pcd 4.13028 -10.331 -0.0887008 0.743187 0.0212823 -0.0100388 0.66867
134.pcd 4.18519 -9.79875 -0.0891244 0.746622 0.0187755 -0.00736072 0.664943
135.pcd 4.24837 -9.2886 -0.0890709 0.74927 0.0204328 -0.012061 0.661839
136.pcd 4.31493 -8.7768 -0.0888428 0.752168 0.0208302 -0.00922805 0.658577
137.pcd 4.39431 -8.2414 -0.0770395 0.75616 0.018694 -0.0106216 0.654034
138.pcd 4.47537 -7.70754 -0.0657585 0.759158 0.0197205 -0.00887297 0.650547
139.pcd 4.55605 -7.21402 -0.0509136 0.761981 0.018897 -0.00539932 0.647301
140.pcd 4.65261 -6.69013 -0.0459178 0.769411 0.0192646 -0.00492701 0.638444
141.pcd 4.75653 -6.45273 -0.0444572 0.823664 0.0140763 -0.00152147 0.566902
142.pcd 4.89669 -6.26494 -0.0507663 0.877154 0.0125309 -0.00372459 0.480031
143.pcd 5.04478 -6.1359 -0.0599465 0.916119 0.00943765 -0.0015767 0.400792
144.pcd 5.17052 -6.07058 -0.0620604 0.949031 0.00701202 -0.00136317 0.3151
145.pcd 5.3129 -6.02579 -0.0683063 0.973597 0.00573707 -0.00394704 0.228169
146.pcd 5.36358 -6.05509 -0.0712693 0.992104 0.00209123 -0.00615843 0.125252
147.pcd 5.4102 -6.08791 -0.0667588 0.999269 0.00223145 -0.00682715 0.0375423
148.pcd 5.659 -6.14499 -0.0678283 0.998635 0.00033015 -0.00318894 -0.0521258
149.pcd 6.16257 -6.22405 -0.0833753 0.996431 0.00230087 -0.00238896 -0.0843405
150.pcd 6.67844 -6.32923 -0.0908762 0.995172 0.00359488 -0.00459604 -0.0979769
151.pcd 7.17927 -6.39733 -0.0940609 0.997285 0.000841305 -0.00548307 -0.0734291
152.pcd 7.66797 -6.50454 -0.107525 0.994429 -0.00019801 -0.00640039 -0.105211
153.pcd 8.17016 -6.62485 -0.111843 0.992933 0.00183091 -0.00513516 -0.118554
154.pcd 8.66393 -6.74347 -0.124731 0.993207 0.000894376 -0.0060327 -0.116199
155.pcd 9.15556 -6.86569 -0.136192 0.994206 0.000325797 -0.00169016 -0.107478
156.pcd 9.66274 -6.9172 -0.144195 0.998559 -0.000472628 -0.000804005 -0.05366
157.pcd 10.1963 -6.96184 -0.159747 0.999207 0.000828908 -0.00234458 -0.039733
158.pcd 10.6977 -7.02653 -0.17702 0.997624 0.00261348 -0.00232585 -0.0688083
159.pcd 11.2286 -7.10759 -0.19081 0.997328 0.00223409 -0.00227995 -0.0729857
160.pcd 11.7488 -7.17457 -0.203936 0.998007 0.00176784 -0.0023975 -0.0630376
161.pcd 12.2881 -7.24122 -0.213511 0.998374 0.0015239 -0.00304509 -0.0568933
162.pcd 12.7978 -7.30202 -0.228488 0.998428 0.00142932 -0.00214878 -0.0559943
163.pcd 13.3075 -7.36026 -0.247092 0.998364 0.0017787 -0.00249485 -0.0570912
164.pcd 13.848 -7.41428 -0.267036 0.998497 0.00230174 -0.00349561 -0.0546419
165.pcd 14.3739 -7.47645 -0.281604 0.998374 0.00190132 -0.00251382 -0.0569213
166.pcd 14.8962 -7.54363 -0.296347 0.998225 0.000462007 -0.00366095 -0.0594373
167.pcd 15.4344 -7.61223 -0.309535 0.998139 -0.000730323 -0.00330374 -0.0608884
168.pcd 15.9724 -7.67937 -0.31956 0.998075 -0.00318984 -0.00284252 -0.0618679
169.pcd 16.5055 -7.73042 -0.326317 0.999214 -0.00541169 -0.00278005 -0.039166
170.pcd 17.034 -7.72049 -0.345446 0.999923 -0.00525239 -0.00153189 0.0111174
171.pcd 17.552 -7.66657 -0.363071 0.998081 -0.00227149 -0.00155361 0.0618608
172.pcd 18.0757 -7.58747 -0.38044 0.996678 0.00270896 -0.00375878 0.0813051
173.pcd 18.5868 -7.50608 -0.397114 0.997358 0.00690084 -0.00481531 0.0721505
174.pcd 18.8674 -7.53549 -0.408372 0.999564 0.00399643 -0.00245551 -0.0291433
175.pcd 19.367 -7.6183 -0.423179 0.996954 -0.000581492 -0.00592428 -0.0777677
176.pcd 19.8814 -7.71232 -0.439357 0.995343 0.00169926 -0.00301811 -0.0963309
177.pcd 19.9426 -7.76532 -0.437842 0.98314 -0.00156836 -0.001831 -0.182836
178.pcd 19.9754 -7.81672 -0.440213 0.959454 -0.00462493 -0.00071273 -0.281828
179.pcd 19.9744 -7.85689 -0.438767 0.926436 -0.00576622 -0.00044484 -0.376408
180.pcd 19.9401 -7.89533 -0.439219 0.885849 -0.00649985 -0.000145441 -0.463929
181.pcd 19.9049 -7.9284 -0.43909 0.833599 -0.010553 -0.000941022 -0.552268
182.pcd 19.862 -7.96309 -0.436186 0.773192 -0.0162801 0.000763987 -0.633963
183.pcd 19.8155 -7.9849 -0.437655 0.703785 -0.01965 0.000670577 -0.710141
184.pcd 19.7446 -8.5077 -0.437259 0.674622 -0.0218038 -0.00338804 -0.737833
185.pcd 19.7002 -9.03236 -0.438715 0.674466 -0.0215501 -0.00458317 -0.737977
186.pcd 19.65 -9.53769 -0.428536 0.673489 -0.017349 -0.00443788 -0.73898
187.pcd 19.5958 -10.0424 -0.431126 0.673214 -0.0153667 -0.00621944 -0.739262
188.pcd 19.5387 -10.558 -0.434919 0.670221 -0.0154358 -0.00778694 -0.74196
189.pcd 19.4784 -11.0714 -0.428075 0.667768 -0.0165894 -0.00686388 -0.744153
190.pcd 19.4138 -11.6006 -0.430429 0.664369 -0.0168156 -0.00607104 -0.747191
191.pcd 19.3384 -12.1281 -0.435974 0.661989 -0.0148185 -0.00311813 -0.74936
192.pcd 19.1978 -12.6014 -0.438398 0.581838 -0.0131515 0.00251706 -0.813195
193.pcd 19.1014 -12.7215 -0.437392 0.504176 -0.0147782 0.00327821 -0.863468
194.pcd 19.0717 -12.7099 -0.432441 -0.421986 0.0177312 -0.00703268 0.906402
195.pcd 19.0294 -12.6808 -0.433039 -0.325541 0.0191765 -0.00775333 0.945302
196.pcd 18.996 -12.6403 -0.431484 -0.227 0.0206925 -0.00351671 0.973669
197.pcd 18.9659 -12.5931 -0.431081 -0.126272 0.0200261 -0.00226259 0.991791
198.pcd 18.9415 -12.5464 -0.43064 -0.0310125 0.024304 -0.00514757 0.99921
199.pcd 18.4281 -12.4798 -0.420493 0.034159 0.0268825 -0.00422637 0.999046
200.pcd 17.9169 -12.4395 -0.410351 0.0361261 0.0262375 -0.000301155 0.999003
201.pcd 17.3835 -12.3947 -0.396226 0.0394222 0.0277494 0.00201076 0.998835
202.pcd 16.8781 -12.3496 -0.382613 0.0423188 0.0318158 0.00213274 0.998595
203.pcd 16.3415 -12.3043 -0.372625 0.0456625 0.0294766 -0.00112274 0.998521
204.pcd 15.818 -12.2517 -0.355495 0.049404 0.0301763 -0.00413836 0.998314
205.pcd 15.3199 -12.2013 -0.343176 0.0516224 0.0260927 -0.00228857 0.998323
206.pcd 14.8036 -12.1428 -0.326871 0.0532654 0.025715 0.00191855 0.998247
207.pcd 14.2924 -12.0808 -0.321283 0.0557625 0.0220186 0.00372966 0.998194
208.pcd 13.7943 -12.0174 -0.30895 0.0591391 0.0261735 0.00273526 0.997903
209.pcd 13.2915 -11.9548 -0.30102 0.0620571 0.0297667 0.00255602 0.997625
210.pcd 12.7939 -11.8904 -0.286532 0.0605743 0.024592 0.00158618 0.997859
211.pcd 12.3125 -11.9099 -0.285365 -0.0330739 0.0199308 0.00023104 0.999254
212.pcd 11.8074 -12.0232 -0.267908 -0.104404 0.0263906 0.00191413 0.994183
213.pcd 11.4947 -12.0324 -0.270166 -0.0072507 0.0175339 0.00269536 0.999816
214.pcd 11.4566 -12.0011 -0.27631 0.086033 0.0161381 -0.000176588 0.996162
215.pcd 11.2258 -11.8739 -0.26204 0.17351 0.0162382 -0.00331365 0.984693
216.pcd 10.7468 -11.7249 -0.249982 0.130677 0.0198703 -0.00761645 0.991197
217.pcd 10.2532 -11.6302 -0.233286 0.0892289 0.0244269 -0.00912731 0.99567
218.pcd 9.75106 -11.5829 -0.21597 0.0523287 0.0279431 -0.0115338 0.998172
219.pcd 9.22744 -11.542 -0.204811 0.0399996 0.026656 -0.00798657 0.998812
220.pcd 8.71373 -11.498 -0.203097 0.0337866 0.0257554 -0.00328432 0.999092
221.pcd 8.19101 -11.4573 -0.192349 0.0337191 0.0225331 -0.00227578 0.999175
222.pcd 7.67583 -11.4193 -0.179738 0.033894 0.0208246 0.00117611 0.999208
223.pcd 7.16893 -11.3821 -0.177039 0.0382779 0.0246067 0.000697973 0.998964
224.pcd 6.6367 -11.3319 -0.141731 0.0479921 0.0207725 -0.00103013 0.998631
225.pcd 6.10758 -11.273 -0.112083 0.0554814 0.01833 0.00029874 0.998291
226.pcd 5.60345 -11.1675 -0.117436 0.106224 0.025264 -0.0058335 0.994004
227.pcd 5.08615 -11.0336 -0.141935 0.126924 0.0313162 -0.00632204 0.991398
228.pcd 4.68849 -10.868 -0.139813 0.220793 0.0248918 -0.00695249 0.974978
229.pcd 4.66841 -10.8186 -0.137673 0.307382 0.0252484 -0.00898875 0.951209
230.pcd 4.62744 -10.7383 -0.13538 0.389457 0.0228476 -0.00692437 0.920735
231.pcd 4.59109 -10.636 -0.13153 0.478747 0.0216208 -0.00860716 0.877645
232.pcd 4.58446 -10.5756 -0.131076 0.556557 0.0221432 -0.0072604 0.830483
233.pcd 4.6107 -10.5392 -0.141801 0.627444 0.0206809 -0.0068109 0.778357
234.pcd 4.65586 -10.5292 -0.135778 0.704069 0.0207828 -0.00725596 0.70979
235.pcd 4.74252 -10.2005 -0.138019 0.76423 0.0148155 -0.0091739 0.644709
236.pcd 4.85244 -9.94541 -0.133056 0.822122 0.0145885 -0.00797845 0.569068
237.pcd 5.00445 -9.4645 -0.115038 0.783466 0.0161568 -0.00972103 0.621149
238.pcd 5.05081 -8.92349 -0.107442 0.738759 0.0163294 -0.00817887 0.673722
239.pcd 5.09329 -8.38922 -0.106438 0.731799 0.0188884 -0.00785647 0.681213
240.pcd 5.14594 -7.85428 -0.100153 0.741203 0.0197585 -0.0087706 0.670932
241.pcd 5.20831 -7.34121 -0.0884702 0.752746 0.0216052 -0.00444195 0.657941
242.pcd 5.29294 -6.83386 -0.0777274 0.758729 0.0226707 -0.00173379 0.651009
243.pcd 5.38996 -6.29843 -0.073773 0.764207 0.0200841 0.000336219 0.644658
244.pcd 5.4639 -5.77997 -0.073954 0.754197 0.0198192 -0.00330064 0.656341
245.pcd 5.52056 -5.24206 -0.0760181 0.745838 0.0202828 -0.00528691 0.665797
246.pcd 5.54649 -4.74241 -0.0807815 0.726353 0.0214378 -0.00564146 0.686964
247.pcd 5.56702 -4.2283 -0.0881925 0.724824 0.0208883 -0.00164892 0.688616
248.pcd 5.60305 -3.68951 -0.0978711 0.731714 0.0233534 -0.00317575 0.681205
249.pcd 5.64885 -3.18713 -0.0952807 0.7375 0.0232023 -0.00250647 0.674944
250.pcd 5.71045 -2.65276 -0.092132 0.741468 0.0190683 -0.00346044 0.670708
251.pcd 5.76254 -2.13859 -0.0834593 0.745333 0.02197 -0.00210229 0.666326
252.pcd 5.83397 -1.63441 -0.0772496 0.747229 0.0199964 -0.00298947 0.664259
253.pcd 5.89832 -1.08843 -0.0743393 0.747022 0.0203609 -0.0030185 0.664481
254.pcd 5.95933 -0.556512 -0.0725605 0.736419 0.0193633 -0.00147853 0.676247
255.pcd 5.92695 -0.471788 -0.0763236 0.672132 0.0171323 -0.00349748 0.740225
256.pcd 5.89702 -0.467216 -0.0780625 0.593072 0.0199699 -0.00311037 0.804896
257.pcd 5.86416 -0.473889 -0.0795934 0.504674 0.0209712 -0.00384023 0.863047
258.pcd 5.82448 -0.510536 -0.0794211 0.414839 0.0264475 -0.0021387 0.909508
259.pcd 5.79172 -0.550567 -0.0799945 0.315371 0.0267526 -0.00105136 0.948591
260.pcd 5.74946 -0.566508 -0.077762 0.217265 0.0258767 -0.000853867 0.975769
261.pcd 5.42203 -0.493008 -0.078851 0.130395 0.0244485 0.00156488 0.991159
262.pcd 4.90679 -0.383401 -0.0709565 0.104547 0.0246911 0.00130994 0.994213
263.pcd 4.41654 -0.252941 -0.0564 0.134602 0.0226469 0.00257994 0.990638
264.pcd 3.89039 -0.126811 -0.0482282 0.114743 0.0223483 0.00275275 0.99314
265.pcd 3.3905 -0.0529803 -0.0371657 0.0663042 0.0252261 0.00229729 0.997478
266.pcd 2.8521 -0.0011737 -0.0239786 0.0446679 0.0189412 0.0030738 0.998818
267.pcd 2.34966 0.0409407 -0.0116969 0.0375715 0.0205805 0.000622285 0.999082
268.pcd 1.8222 0.0972608 -0.00379074 0.0586268 0.0196125 0.000764419 0.998087
269.pcd 1.32196 0.173828 -0.00180783 0.0788473 0.0175997 0.00331947 0.996726
270.pcd 0.824848 0.263627 -0.00335382 0.0865691 0.0185864 0.0057825 0.996056
271.pcd 0.324911 0.354305 0.00661548 0.068248 0.0218842 0.00571222 0.997412
272.pcd 0.291677 0.324098 0.014647 -0.0299888 0.0266399 -0.00206615 0.999193
273.pcd 0.0533183 0.268512 0.0134888 -0.126868 0.0225671 0.00612051 0.991644
274.pcd 0.0785567 0.195412 0.0141837 -0.23285 0.0268711 0.00151468 0.97214
275.pcd 0.0878211 0.157295 0.0233296 -0.321869 0.022912 0.00622601 0.946486
276.pcd 0.0523573 0.105633 0.0242744 -0.403755 0.0205491 0.00634565 0.914614
277.pcd 0.0100302 0.03704 0.0191282 -0.498562 0.017111 0.00708626 0.866656
278.pcd 0.0327423 0.0536272 0.0180733 0.57781 -0.0179622 -0.00811712 -0.815934
279.pcd 0.0480179 0.0516402 0.0164813 0.661686 -0.015745 -0.00964059 -0.749554
280.pcd 0.0570778 0.0274997 0.014771 0.735367 -0.0137224 -0.00957965 -0.677463
281.pcd 0.0736103 -0.00441322 0.0116945 0.805395 -0.00971025 -0.0122726 -0.592532
282.pcd 0.105869 -0.0380816 0.00942178 0.860057 -0.00872885 -0.0122404 -0.509976
283.pcd 0.139603 -0.0574885 0.0147425 0.906771 -0.00762829 -0.0120897 -0.421381
284.pcd 0.177163 -0.0732537 0.0147381 0.945646 -0.0037958 -0.0130113 -0.324916
285.pcd 0.216218 -0.0800295 0.013958 0.974475 -0.00119905 -0.0124049 -0.22415
286.pcd 0.216549 -0.0517982 0.0111826 0.990434 -0.0012144 -0.0126826 -0.137396
287.pcd 0.213253 -0.0105007 0.0124272 0.999069 -0.000217629 -0.0133307 -0.0410384
