0.pcd -3.86395e-07 -2.86234e-07 0.000354216 0.999854 0.00863101 -0.0147397 -3.09364e-05
1.pcd 0.511513 -0.00849202 0.00834602 0.999857 0.00558624 -0.0159459 -0.0012121
2.pcd 1.0206 -0.0120734 0.0137497 0.999851 0.00481554 -0.0163272 -0.00293306
3.pcd 1.54493 -0.0180477 0.00900601 0.999789 0.00446155 -0.0193787 -0.00520798
4.pcd 2.04792 -0.0295485 0.00966149 0.999885 0.00346984 -0.012843 -0.00727751
5.pcd 2.54878 -0.0376459 0.000508215 0.999865 0.00331343 -0.012556 -0.0101119
6.pcd 3.06933 -0.0498959 -0.00211012 0.999862 0.00277432 -0.0110009 -0.012099
7.pcd 3.58989 -0.0681951 0.00158553 0.999722 0.00287354 -0.0187748 -0.0139565
8.pcd 4.1122 -0.0797072 -0.00464966 0.999741 0.00273057 -0.0150623 -0.0168151
9.pcd 4.63257 -0.103922 -0.00217101 0.999743 0.00481366 -0.0120433 -0.0185777
10.pcd 5.1545 -0.127995 -0.0145704 0.999727 0.00591484 -0.0090113 -0.0207368
11.pcd 5.66331 -0.151931 -0.0234458 0.99968 0.00427508 -0.00830193 -0.0235126
12.pcd 6.17839 -0.178057 -0.0318804 0.999602 0.00282052 -0.00913928 -0.0265354
13.pcd 6.68675 -0.207982 -0.0407881 0.999567 0.00151834 -0.00512423 -0.0289215
14.pcd 7.21316 -0.238421 -0.0486498 0.999446 0.00253942 -0.0107341 -0.0314038
15.pcd 7.74933 -0.27782 -0.0535257 0.999383 0.00325909 -0.00977888 -0.0335714
16.pcd 8.26377 -0.31397 -0.0622032 0.999301 0.00258222 -0.0101743 -0.0358904
17.pcd 8.77866 -0.359677 -0.0600628 0.999169 0.00387646 -0.0124833 -0.0386152
18.pcd 9.30381 -0.400842 -0.067482 0.999062 0.00435749 -0.012815 -0.0411369
19.pcd 9.82824 -0.447989 -0.0681243 0.998908 0.00502453 -0.0157916 -0.0436762
20.pcd 10.2364 -0.421938 -0.0722557 0.998325 0.00358348 -0.00978959 0.0569119
21.pcd 10.3366 -0.345914 -0.0694242 0.988307 0.00213731 -0.0103345 0.152112
22.pcd 10.4556 -0.238192 -0.0676676 0.971038 0.00330654 -0.0123115 0.238586
23.pcd 10.9114 0.0139403 -0.0737528 0.965731 0.00613367 -0.0116282 0.259212
24.pcd 11.3685 0.280803 -0.0754369 0.962615 0.0114988 -0.0128194 0.270326
25.pcd 11.8306 0.572015 -0.0761653 0.961907 0.0103994 -0.0121167 0.272908
26.pcd 12.2644 0.840366 -0.0792351 0.960967 0.00952371 -0.0140275 0.276142
27.pcd 12.695 1.1372 -0.0823404 0.95341 0.00973122 -0.011565 0.301299
28.pcd 13.1259 1.45305 -0.0830573 0.950002 0.00840205 -0.00652772 0.312062
29.pcd 13.5294 1.75484 -0.0937381 0.94875 0.00678867 -0.00923714 0.31582
30.pcd 13.9383 2.06215 -0.0969693 0.946593 0.00623553 -0.00894098 0.322247
31.pcd 14.3601 2.39949 -0.102668 0.939643 0.00332935 -0.0100742 0.341991
32.pcd 14.7373 2.7311 -0.106654 0.932716 0.004722 -0.00932259 0.360461
33.pcd 15.1173 3.09884 -0.113239 0.926275 0.0071529 -0.00806553 0.376694
34.pcd 15.4679 3.45932 -0.110861 0.921116 0.00880365 -0.0036401 0.389171
35.pcd 15.8331 3.83185 -0.126848 0.918984 0.00928801 0.00095977 0.394184
36.pcd 16.1861 4.21095 -0.136444 0.918536 0.011061 -0.000281223 0.395182
37.pcd 16.5605 4.58622 -0.147195 0.919042 0.00999355 0.00130747 0.39403
38.pcd 16.8829 4.98965 -0.161713 0.899862 0.0100307 0.000708386 0.436058
39.pcd 17.1998 5.42002 -0.174479 0.89235 0.00941346 -0.00141997 0.451244
40.pcd 17.4952 5.872 -0.173459 0.87512 0.0102623 -0.00314166 0.483788
41.pcd 17.7625 6.31863 -0.182851 0.869329 0.00983288 -0.00191813 0.494131
42.pcd 18.0239 6.77052 -0.194975 0.862817 0.00925869 -0.000849207 0.505431
43.pcd 18.257 7.24089 -0.20643 0.850063 0.0156287 0.00266222 0.526442
44.pcd 18.4467 7.7126 -0.216413 0.825153 0.017939 0.00842843 0.564562
45.pcd 18.6149 8.19983 -0.230194 0.810482 0.0172692 0.00889148 0.585441
46.pcd 18.7666 8.68728 -0.238614 0.805393 0.0195895 0.00330605 0.592408
47.pcd 18.9145 9.17254 -0.247196 0.803569 0.0155077 0.00165927 0.595007
48.pcd 19.0835 9.67621 -0.250806 0.803118 0.016525 -0.00140059 0.59559
49.pcd 19.2229 10.1631 -0.258725 0.803563 0.0142409 -0.00153837 0.595047
50.pcd 19.3657 10.6448 -0.263645 0.796857 0.0165795 -0.00308827 0.603932
51.pcd 19.4996 11.1381 -0.264592 0.793521 0.0157923 -0.00307944 0.60833
52.pcd 19.6297 11.6239 -0.270622 0.793018 0.0156436 -0.00184163 0.608995
53.pcd 19.7607 12.1178 -0.275119 0.793664 0.0162975 -0.000924959 0.608137
54.pcd 19.8985 12.6078 -0.276239 0.794688 0.0153392 -0.00163858 0.606822
55.pcd 20.0339 13.1117 -0.285598 0.796441 0.0153275 -0.00258196 0.604517
56.pcd 20.1777 13.6009 -0.288482 0.797891 0.0128634 -0.000759046 0.602664
57.pcd 20.3295 14.1163 -0.294067 0.799739 0.0138546 -0.00058678 0.600187
58.pcd 20.4885 14.6336 -0.300596 0.802059 0.0151534 0.000695085 0.597052
59.pcd 20.6368 15.1178 -0.313239 0.803514 0.017138 0.000285528 0.595039
60.pcd 20.7913 15.618 -0.311187 0.804042 0.0150255 0.00372204 0.594371
61.pcd 20.9225 16.1057 -0.31728 0.783486 0.0157183 0.00395992 0.621198
62.pcd 20.9939 16.6056 -0.339268 0.747656 0.0129695 0.00800291 0.663911
63.pcd 21.02 17.1393 -0.346181 0.718483 0.0117028 0.00925792 0.695384
64.pcd 21.0222 17.6649 -0.358885 0.708537 0.0151893 0.00909729 0.705452
65.pcd 21.0198 18.2034 -0.369687 0.70387 0.0178518 0.00970596 0.710038
66.pcd 21.022 18.7162 -0.378252 0.705709 0.0189372 0.0105593 0.70817
67.pcd 21.0386 19.2294 -0.396839 0.719522 0.0183373 0.011266 0.694136
68.pcd 21.0686 19.7351 -0.40503 0.72693 0.0181331 0.0104059 0.686393
69.pcd 21.1109 20.2441 -0.415037 0.731359 0.0184851 0.00940984 0.681677
70.pcd 21.1416 20.7435 -0.423089 0.723896 0.0172586 0.00794572 0.689648
71.pcd 21.1585 21.2853 -0.436395 0.717218 0.0173266 0.00841924 0.696583
72.pcd 21.1715 21.7937 -0.448996 0.714019 0.0186814 0.00947906 0.699813
73.pcd 21.1863 22.3019 -0.457988 0.713719 0.0197481 0.00959036 0.700088
74.pcd 21.1956 22.8079 -0.461187 0.714693 0.0220081 0.00653606 0.699061
75.pcd 21.2109 23.3505 -0.473722 0.716012 0.0184784 0.0099204 0.697773
76.pcd 21.2255 23.8631 -0.483151 0.717543 0.0173193 0.0109724 0.696212
77.pcd 21.2493 24.374 -0.494637 0.71931 0.0155773 0.0131209 0.694391
78.pcd 21.2612 24.8897 -0.508843 0.714085 0.0203236 0.0101658 0.69969
79.pcd 21.2731 25.3977 -0.51712 0.711658 0.0205176 0.010622 0.702146
80.pcd 21.2831 25.9408 -0.524785 0.711981 0.0191985 0.0109091 0.701851
81.pcd 21.2929 26.454 -0.533373 0.713034 0.020038 0.00989012 0.700773
82.pcd 21.3063 26.9656 -0.544538 0.714067 0.0204236 0.0117556 0.69968
83.pcd 21.3219 27.4664 -0.554884 0.714655 0.0209321 0.0106184 0.699083
84.pcd 21.3344 27.9834 -0.561873 0.711547 0.019666 0.0102544 0.702288
85.pcd 21.3404 28.5169 -0.567022 0.710712 0.0208439 0.0107025 0.703093
86.pcd 21.3448 29.0471 -0.578384 0.711228 0.0209758 0.0108112 0.702566
87.pcd 21.3575 29.566 -0.585442 0.712328 0.0194762 0.0130746 0.701455
88.pcd 21.3739 30.0732 -0.591024 0.713653 0.0227594 0.0101854 0.700056
89.pcd 21.3913 30.5833 -0.594811 0.716078 0.0215606 0.00734114 0.697648
90.pcd 21.4059 31.1062 -0.600214 0.717986 0.0227719 0.00604931 0.695658
91.pcd 21.4217 31.608 -0.603459 0.719557 0.0219289 0.00696411 0.694052
92.pcd 21.4502 32.1512 -0.609763 0.721393 0.0216292 0.00704257 0.692153
93.pcd 21.4693 32.6801 -0.612523 0.715079 0.0219426 0.00550916 0.698678
94.pcd 21.4741 33.1839 -0.613502 0.703152 0.021458 0.00721318 0.710679
95.pcd 21.4646 33.6965 -0.623554 0.696451 0.0226565 0.00658841 0.717217
96.pcd 21.4624 34.2173 -0.625295 0.703466 0.0223504 0.00716372 0.710341
97.pcd 21.4681 34.7314 -0.626118 0.708629 0.0206334 0.00756289 0.705239
98.pcd 21.48 35.2497 -0.626955 0.712615 0.0209936 0.00526195 0.701222
99.pcd 21.4951 35.7808 -0.635461 0.715526 0.0202513 0.00466826 0.698277
100.pcd 21.5185 36.2967 -0.637554 0.717977 0.0202979 0.00443019 0.695756
101.pcd 21.5341 36.8251 -0.644485 0.715244 0.0208279 0.00712961 0.698528
102.pcd 21.537 37.3464 -0.643588 0.707325 0.0222815 0.00401821 0.706525
103.pcd 21.5374 37.8847 -0.647766 0.703816 0.02082 0.00435266 0.710064
104.pcd 21.5242 38.421 -0.660398 0.703381 0.0223049 0.00354582 0.710454
105.pcd 21.5253 38.9696 -0.656263 0.704568 0.0217462 0.00406688 0.709292
106.pcd 21.5212 39.4721 -0.664343 0.705855 0.0211848 0.00476526 0.708024
107.pcd 21.5296 40.0195 -0.664613 0.707757 0.01961 0.00312655 0.706177
108.pcd 21.5328 40.5299 -0.669664 0.709442 0.0189384 0.00469021 0.704494
109.pcd 21.5436 41.0564 -0.682902 0.718352 0.0173648 0.0044881 0.695448
110.pcd 21.573 41.5633 -0.686761 0.725341 0.019093 0.00315907 0.688118
111.pcd 21.6122 42.1125 -0.687553 0.731444 0.0206527 0.000391401 0.681589
112.pcd 21.6597 42.6253 -0.695134 0.735854 0.0179371 0.00172217 0.676901
113.pcd 21.7028 43.1345 -0.703672 0.739125 0.0175179 -0.000139837 0.67334
114.pcd 21.7545 43.6381 -0.704472 0.741254 0.0177292 -0.000249183 0.670991
115.pcd 21.747 44.017 -0.708864 0.673946 0.0149441 -0.00123273 0.738628
116.pcd 21.7016 44.0042 -0.712956 0.596969 0.0179597 0.000266803 0.802063
117.pcd 21.6649 43.9929 -0.707929 0.520131 0.0194358 0.00024697 0.853866
118.pcd 21.6235 43.9774 -0.699629 0.437099 0.0209651 0.00111589 0.899168
119.pcd 21.596 43.929 -0.703215 0.34501 0.0212648 0.000607122 0.938358
120.pcd 21.5684 43.9059 -0.702253 0.260002 0.0220377 0.00213509 0.965354
121.pcd 21.544 43.8666 -0.703791 0.159444 0.0222442 0.0028571 0.986952
122.pcd 21.5386 43.8193 -0.71095 0.0725306 0.0229539 0.00291547 0.997098
123.pcd 21.035 43.8244 -0.690863 0.0287721 0.0312577 0.00530453 0.999083
124.pcd 20.5128 43.864 -0.684589 0.0297219 0.0344592 0.00622882 0.998945
125.pcd 20.014 43.9055 -0.667987 0.0309244 0.0263268 0.00768539 0.999145
126.pcd 19.5825 43.862 -0.663772 -0.0653481 0.0251826 0.00476117 0.997533
127.pcd 19.6064 43.8321 -0.665027 -0.163739 0.0235651 0.00576288 0.986205
128.pcd 19.6266 43.8012 -0.664015 -0.256949 0.024 0.00586881 0.966109
129.pcd 19.6568 43.7734 -0.663368 -0.350058 0.0237964 0.00604357 0.936406
130.pcd 19.6925 43.7411 -0.670196 -0.435207 0.0231712 0.00621583 0.900011
131.pcd 19.7329 43.6787 -0.66438 0.52695 -0.0228304 -0.00701208 -0.849561
132.pcd 19.7517 43.6269 -0.670494 0.610638 -0.0211932 -0.0071675 -0.791594
133.pcd 19.7861 43.5986 -0.668776 0.682986 -0.0219236 -0.00717354 -0.730067
134.pcd 19.8247 43.0922 -0.662857 0.721084 -0.0228852 -0.00800244 -0.692423
135.pcd 19.8477 42.5673 -0.651927 0.727296 -0.0246262 -0.00784106 -0.685837
136.pcd 19.8532 42.0567 -0.649548 0.702719 -0.0240216 -0.0088213 -0.711007
137.pcd 19.8251 41.5256 -0.644346 0.693031 -0.0237474 -0.00857864 -0.720465
138.pcd 19.8015 41.0197 -0.632641 0.686712 -0.0247174 -0.0115297 -0.726417
139.pcd 19.7615 40.4968 -0.625643 0.689503 -0.0233763 -0.00770986 -0.723864
140.pcd 19.7521 39.9855 -0.615782 0.701761 -0.0255022 -0.0101112 -0.711884
141.pcd 19.757 39.4625 -0.612718 0.707681 -0.0224166 -0.0097495 -0.706109
142.pcd 19.7637 38.9562 -0.603782 0.709596 -0.022831 -0.00891443 -0.704182
143.pcd 19.7694 38.4222 -0.595876 0.709226 -0.0214513 -0.00890842 -0.704599
144.pcd 19.7598 37.9191 -0.594293 0.701082 -0.0224011 -0.00926152 -0.712668
145.pcd 19.7372 37.4157 -0.589386 0.694093 -0.0230109 -0.0076456 -0.719477
146.pcd 19.7203 36.9116 -0.573431 0.69015 -0.0243526 -0.00724102 -0.723221
147.pcd 19.7145 36.3872 -0.573137 0.692542 -0.024527 -0.0070544 -0.720926
148.pcd 19.6861 35.852 -0.564336 0.694976 -0.0249806 -0.00568367 -0.718576
149.pcd 19.655 35.3357 -0.569235 0.694192 -0.0260217 -0.00449562 -0.719305
150.pcd 19.6364 34.8143 -0.558746 0.69332 -0.0268908 -0.00435792 -0.720115
151.pcd 19.6128 34.287 -0.556477 0.692602 -0.027468 -0.00366677 -0.720787
152.pcd 19.6054 33.7783 -0.546132 0.704658 -0.0278369 -0.0027752 -0.708995
153.pcd 19.6163 33.2725 -0.537567 0.715139 -0.0261956 -0.0018907 -0.698489
154.pcd 19.6335 32.7311 -0.537758 0.718676 -0.0250341 -0.0038978 -0.694883
155.pcd 19.6448 32.2172 -0.541409 0.711768 -0.0255205 -0.00509002 -0.701932
156.pcd 19.6441 31.6972 -0.524608 0.705851 -0.0258119 -0.00724115 -0.707853
157.pcd 19.631 31.1602 -0.526983 0.701544 -0.022512 -0.0021209 -0.712267
158.pcd 19.6115 30.6441 -0.524109 0.698646 -0.0235809 -0.00188882 -0.715076
159.pcd 19.5957 30.1237 -0.515193 0.694722 -0.0252941 -0.00332193 -0.718826
160.pcd 19.5658 29.5951 -0.512116 0.694923 -0.0275111 -0.00288136 -0.718552
161.pcd 19.5659 29.0529 -0.507071 0.702333 -0.0270575 -0.00339623 -0.711326
162.pcd 19.58 28.5469 -0.505983 0.714026 -0.02649 -0.00296235 -0.699612
163.pcd 19.5982 28.0226 -0.501109 0.722239 -0.0266675 -0.0059915 -0.691103
164.pcd 19.6137 27.5154 -0.493722 0.717645 -0.0219557 -0.00754343 -0.696022
165.pcd 19.6192 26.9879 -0.492384 0.712579 -0.0209614 -0.00635677 -0.70125
166.pcd 19.6224 26.4573 -0.489595 0.709097 -0.0225057 -0.00585504 -0.704728
167.pcd 19.6234 25.9446 -0.48691 0.706773 -0.0231948 -0.00748736 -0.707021
168.pcd 19.6204 25.4191 -0.47548 0.70437 -0.0217432 -0.00944216 -0.709437
169.pcd 19.6093 24.8995 -0.468941 0.701665 -0.0190199 -0.00967388 -0.712187
170.pcd 19.6024 24.3955 -0.469259 0.703079 -0.020259 -0.00835912 -0.710774
171.pcd 19.5958 23.8921 -0.461013 0.705625 -0.0223353 -0.00888138 -0.708178
172.pcd 19.5982 23.3871 -0.458285 0.705425 -0.0218701 -0.00838888 -0.708397
173.pcd 19.5906 22.8536 -0.453171 0.70422 -0.0221715 -0.00886472 -0.70958
174.pcd 19.581 22.3305 -0.448481 0.702503 -0.0213179 -0.00754659 -0.711321
175.pcd 19.5728 21.7946 -0.439282 0.700509 -0.0224496 -0.00884226 -0.713236
176.pcd 19.5561 21.2691 -0.427562 0.698421 -0.0244644 -0.0117752 -0.715172
177.pcd 19.5347 20.7643 -0.41794 0.696627 -0.0240124 -0.0119639 -0.716932
178.pcd 19.52 20.2153 -0.402653 0.694429 -0.0248671 -0.0121358 -0.719029
179.pcd 19.4932 19.67 -0.395834 0.692418 -0.0244448 -0.0104874 -0.721006
180.pcd 19.4702 19.1683 -0.3781 0.690543 -0.0249138 -0.0113586 -0.722773
181.pcd 19.4327 18.6254 -0.371366 0.688603 -0.0262359 -0.0114383 -0.724574
182.pcd 19.4055 18.1256 -0.360333 0.686627 -0.0242645 -0.01092 -0.726522
183.pcd 19.3721 17.5813 -0.353515 0.684448 -0.0234739 -0.00973869 -0.728619
184.pcd 19.3328 17.0591 -0.334994 0.689258 -0.0258137 -0.0130388 -0.723939
185.pcd 19.3248 16.5511 -0.327075 0.695005 -0.0258218 -0.0143771 -0.718397
186.pcd 19.2507 16.0332 -0.313207 0.648613 -0.023161 -0.00982365 -0.760703
187.pcd 19.1421 15.5195 -0.308534 0.631733 -0.0218212 -0.00724044 -0.774845
188.pcd 19.0223 14.9975 -0.295794 0.620436 -0.0248809 -0.00987883 -0.7838
189.pcd 18.8871 14.4887 -0.285618 0.605397 -0.0255642 -0.00847106 -0.795468
190.pcd 18.7353 14.0043 -0.285203 0.592691 -0.0251241 -0.00639995 -0.805012
191.pcd 18.5844 13.5189 -0.271315 0.590963 -0.0266811 -0.00643473 -0.806231
192.pcd 18.4271 13.0379 -0.264166 0.592659 -0.026015 -0.00814921 -0.804992
193.pcd 18.2847 12.5554 -0.254963 0.591866 -0.0245007 -0.00701231 -0.805633
194.pcd 18.128 12.0591 -0.24837 0.590528 -0.0257627 -0.00807867 -0.806565
195.pcd 17.9594 11.5324 -0.236046 0.58872 -0.0239014 -0.00907948 -0.807933
196.pcd 17.7966 11.0428 -0.219447 0.585746 -0.020634 -0.0103475 -0.810166
197.pcd 17.6102 10.5619 -0.218786 0.564738 -0.0231206 -0.00946207 -0.824892
198.pcd 17.3978 10.0535 -0.20481 0.549541 -0.025492 -0.00956891 -0.835023
199.pcd 17.1522 9.59298 -0.202024 0.517925 -0.0213995 -0.00571621 -0.855139
200.pcd 16.8721 9.12381 -0.185536 -0.484517 0.0252849 0.0071001 0.874388
201.pcd 16.5836 8.71131 -0.187918 -0.472206 0.0240167 0.0081293 0.881123
202.pcd 16.3033 8.28983 -0.177348 -0.472912 0.0225744 0.00918791 0.880772
203.pcd 16.0355 7.86693 -0.167941 -0.479539 0.023939 0.0078993 0.877158
204.pcd 15.7605 7.44262 -0.152384 -0.479738 0.0267373 0.0068905 0.876977
205.pcd 15.4592 6.97628 -0.145929 -0.479495 0.0250258 0.00555376 0.87717
206.pcd 15.1674 6.55284 -0.126259 -0.474918 0.0262466 0.0125666 0.879549
207.pcd 14.8454 6.14389 -0.122022 -0.420898 0.0207972 0.012065 0.906789
208.pcd 14.4946 5.78279 -0.121329 -0.403666 0.0190787 0.0118734 0.91463
209.pcd 14.1506 5.41845 -0.107415 -0.392967 0.0169359 0.0126479 0.919309
210.pcd 13.7913 5.05858 -0.104917 -0.385218 0.0206706 0.0115937 0.922521
211.pcd 13.4395 4.69616 -0.0912194 -0.379163 0.0186532 0.0112882 0.925073
212.pcd 13.0615 4.36025 -0.0891595 -0.375341 0.0188373 0.00936953 0.926648
213.pcd 12.7066 4.00219 -0.0759098 -0.371946 0.0220212 0.0088012 0.927951
214.pcd 12.2905 3.67384 -0.0765265 -0.327656 0.0238406 0.00846971 0.944458
215.pcd 11.8773 3.37715 -0.0677183 -0.310933 0.0221986 0.00874979 0.950132
216.pcd 11.4542 3.08728 -0.0628844 -0.292808 0.0189802 0.00821641 0.955948
217.pcd 11.0231 2.83161 -0.0615361 -0.273472 0.0154808 0.0073233 0.961728
218.pcd 10.59 2.56738 -0.0613009 -0.263154 0.0150067 0.00757312 0.964607
219.pcd 10.1084 2.29654 -0.0609504 -0.25384 0.0174834 0.00857137 0.96705
220.pcd 9.66134 2.05454 -0.0606679 -0.244234 0.0164882 0.00906103 0.969534
221.pcd 9.19923 1.82236 -0.0593358 -0.236185 0.0172447 0.00808262 0.971521
222.pcd 8.74926 1.59198 -0.0501349 -0.227032 0.0203404 0.00807467 0.973641
223.pcd 8.27242 1.40276 -0.0473022 -0.187166 0.0172894 0.00557232 0.98216
224.pcd 7.78732 1.23327 -0.0457126 -0.173988 0.0166786 0.00558248 0.984591
225.pcd 7.27006 1.0543 -0.0462272 -0.162712 0.020119 0.00725114 0.986442
226.pcd 6.75877 0.90264 -0.0385982 -0.15495 0.0223123 0.0067856 0.987647
227.pcd 6.27313 0.755808 -0.0241367 -0.143258 0.0265629 0.00632726 0.989309
228.pcd 5.76363 0.626463 -0.0163383 -0.127025 0.025316 0.00480754 0.991565
229.pcd 5.26694 0.518035 -0.00744614 -0.107455 0.0277573 0.00205312 0.99382
230.pcd 4.72483 0.425248 0.00334147 -0.0845704 0.0240499 0.00260846 0.996124
231.pcd 4.20298 0.354827 0.00656289 -0.0734907 0.0194941 0.00327807 0.9971
232.pcd 3.66671 0.280988 0.0106355 -0.0618911 0.0185049 0.00364771 0.997905
233.pcd 3.14648 0.233204 0.00546633 -0.0443267 0.0142503 0.00341639 0.99891
234.pcd 2.63805 0.21613 0.0159448 -0.0174458 0.0229148 0.00289043 0.999581
235.pcd 2.13312 0.2176 0.0162516 -0.00273965 0.020747 0.00353597 0.999775
236.pcd 1.62243 0.224716 0.0192245 0.00770355 0.0196147 0.004762 0.999767
237.pcd 1.10482 0.238829 0.0185632 0.015481 0.0149206 0.00407162 0.999761
238.pcd 0.599822 0.264324 0.0161177 0.02159 0.0175676 -7.00288e-05 0.999613
239.pcd 0.0930816 0.23734 0.0219759 -0.00664404 0.0153386 -0.000997722 0.99986
