0.pcd -0.000103012 -5.66752e-05 0.00203545 0.999889 0.00322365 -0.0145744 1.16566e-05
1.pcd 0.0015565 -0.0460107 0.00675304 0.995539 0.00465021 -0.0139911 -0.093191
2.pcd -0.00197058 -0.0931739 0.00928164 0.983479 0.00166562 -0.0139119 -0.180477
3.pcd -0.00950929 -0.144881 0.010574 0.962426 -0.00061813 -0.0128685 -0.271237
4.pcd -0.029046 -0.193592 0.00961579 0.932684 -0.00349641 -0.011942 -0.360479
5.pcd -0.0611589 -0.239813 0.0101503 0.892656 -0.00560246 -0.0113286 -0.450561
6.pcd -0.0936908 -0.272125 0.0138339 0.845452 -0.00755409 -0.0102594 -0.5339
7.pcd -0.13965 -0.298495 0.0114675 0.785448 -0.0081211 -0.0102034 -0.61879
8.pcd -0.19588 -0.348381 0.0121776 0.723835 -0.00957029 -0.0117722 -0.689806
9.pcd -0.188225 -0.867667 0.0158437 0.714039 -0.0124526 -0.0157897 -0.699817
10.pcd -0.134481 -1.24964 0.0199873 0.780618 -0.0143095 -0.0101066 -0.624762
11.pcd -0.0893699 -1.23081 0.0191745 0.844467 -0.0121693 -0.00960784 -0.535384
12.pcd -0.0465126 -1.19969 0.0194129 0.898993 -0.0110538 -0.0102078 -0.437704
13.pcd -0.0117871 -1.15774 0.0206189 0.942301 -0.00961059 -0.0107765 -0.334456
14.pcd 0.0194126 -1.10846 0.0224237 0.973795 -0.00728948 -0.0118366 -0.227003
15.pcd 0.0377481 -1.05605 0.0217535 0.993395 -0.00589435 -0.012309 -0.113927
16.pcd 0.0426179 -1.00404 0.0218736 0.999922 -0.00349837 -0.0108112 -0.00524275
17.pcd 0.563279 -0.983243 0.0206746 0.999836 0.00155548 -0.0127082 0.0128187
18.pcd 1.07813 -0.972854 0.0168648 0.999869 0.00100511 -0.0123722 0.010375
19.pcd 1.60165 -0.966497 0.0159451 0.999897 0.0016695 -0.0122234 0.00738092
20.pcd 2.13181 -0.964352 0.0119453 0.999907 0.00225208 -0.0126962 0.00454479
21.pcd 2.64387 -0.963823 0.00716099 0.999912 0.00275954 -0.0129235 0.00144348
22.pcd 3.1757 -0.965838 0.0032939 0.999901 0.00365221 -0.0135238 0.00109048
23.pcd 3.71072 -0.965264 0.00138894 0.999911 0.00388484 -0.01245 0.00297919
24.pcd 4.24994 -0.964258 -0.00602989 0.999922 0.00397102 -0.0115474 0.00251752
25.pcd 4.75384 -0.958737 -0.011832 0.999875 0.00430792 -0.0114666 0.010027
26.pcd 5.25929 -0.942803 -0.016772 0.99977 0.00518539 -0.0102152 0.0181355
27.pcd 5.76729 -0.929022 -0.0212939 0.999781 0.00520138 -0.0109442 0.0170636
28.pcd 6.29738 -0.909366 -0.0262486 0.999761 0.00379168 -0.0109018 0.0185439
29.pcd 6.83514 -0.89839 -0.0328115 0.999871 0.00354826 -0.00998147 0.0120624
30.pcd 7.37673 -0.89257 -0.038917 0.999922 0.00478511 -0.00909363 0.00705598
31.pcd 7.90975 -0.890181 -0.0453332 0.999943 0.00381468 -0.00932166 0.00343823
32.pcd 8.44606 -0.892046 -0.0529164 0.99996 0.00300094 -0.00844377 -0.000424031
33.pcd 8.96546 -0.890358 -0.0635662 0.999961 0.00233983 -0.00836318 0.00170585
34.pcd 9.51074 -0.890313 -0.0712183 0.999965 0.00305335 -0.00761638 0.00163587
35.pcd 10.0171 -0.889802 -0.0788633 0.999954 0.00294444 -0.00833277 0.0036418
36.pcd 10.5485 -0.882053 -0.0863263 0.999911 0.00259194 -0.00836237 0.0100488
37.pcd 11.086 -0.868776 -0.0941001 0.999828 0.00303213 -0.00885753 0.0160024
38.pcd 11.6166 -0.852206 -0.105531 0.999833 0.00365272 -0.00821352 0.0159065
39.pcd 12.1652 -0.838205 -0.115627 0.999854 0.00375073 -0.00851391 0.0143254
40.pcd 12.6667 -0.826318 -0.124813 0.999898 0.00379256 -0.00776237 0.0113816
41.pcd 13.1731 -0.81754 -0.133936 0.99991 0.00446427 -0.00827944 0.00958693
42.pcd 13.6905 -0.811643 -0.144496 0.999942 0.00409143 -0.00701865 0.00705665
43.pcd 14.2054 -0.806328 -0.155282 0.999967 0.00295296 -0.00671089 0.00350524
44.pcd 14.7547 -0.807362 -0.162981 0.999979 0.00138493 -0.00630252 0.000584052
45.pcd 15.3021 -0.812729 -0.172624 0.99997 0.00197936 -0.00710868 -0.00238289
46.pcd 15.8521 -0.815896 -0.182681 0.99997 0.0011386 -0.00738719 0.00178419
47.pcd 16.3618 -0.80894 -0.192393 0.999926 0.00142226 -0.00820846 0.00890729
48.pcd 16.8645 -0.793466 -0.201468 0.999798 0.0027616 -0.00875512 0.0178732
49.pcd 17.3723 -0.775165 -0.207898 0.999721 0.00345867 -0.00792819 0.0219647
50.pcd 17.8762 -0.76279 -0.213019 0.999732 0.00390279 -0.00906554 0.0209245
51.pcd 18.3781 -0.745075 -0.220861 0.999777 0.00429248 -0.0091523 0.0185523
52.pcd 18.8906 -0.733086 -0.227391 0.999827 0.00359829 -0.00866652 0.0160848
53.pcd 19.3961 -0.718336 -0.233764 0.999814 0.00316682 -0.00939799 0.0165644
54.pcd 19.9031 -0.705383 -0.239005 0.999824 0.00287638 -0.00895797 0.0162119
55.pcd 20.4167 -0.696578 -0.244275 0.999907 0.00129167 -0.00918213 0.010004
56.pcd 20.9614 -0.693448 -0.25232 0.999946 0.000989465 -0.00921743 0.00475021
57.pcd 21.4716 -0.689797 -0.259917 0.99995 0.0014823 -0.00849535 0.00497026
58.pcd 21.989 -0.688202 -0.266097 0.999963 0.000965358 -0.0078124 0.00343658
59.pcd 22.5159 -0.689321 -0.272984 0.999963 -0.000244445 -0.00852913 0.000996091
60.pcd 23.0498 -0.689444 -0.277809 0.999965 0.000209379 -0.00818256 -0.00153057
61.pcd 23.5833 -0.697663 -0.282776 0.999954 -0.000934804 -0.00907015 -0.00287763
62.pcd 24.1116 -0.707749 -0.293288 0.999965 -0.00101108 -0.00721611 -0.00421402
63.pcd 24.6453 -0.708729 -0.309313 0.999972 -0.000188797 -0.00715335 -0.00232057
64.pcd 25.1656 -0.707303 -0.316456 0.99996 -0.000133682 -0.00861831 0.00229973
65.pcd 25.6722 -0.703822 -0.324552 0.999973 0.000625352 -0.00669448 0.00298625
66.pcd 26.1798 -0.703514 -0.333363 0.999979 0.000721552 -0.00630093 0.00153661
67.pcd 26.6841 -0.70327 -0.337404 0.999973 7.81092e-05 -0.00670884 0.00308449
68.pcd 27.1898 -0.693043 -0.348747 0.999926 -0.000421303 -0.00708285 0.00984522
69.pcd 27.7413 -0.679004 -0.354891 0.999868 -0.00092122 -0.00674721 0.0147394
70.pcd 28.2515 -0.667598 -0.366569 0.999866 0.000785247 -0.0054259 0.0154186
71.pcd 28.7976 -0.652916 -0.379027 0.999876 0.00134619 -0.00726818 0.0139168
72.pcd 29.341 -0.642463 -0.392402 0.999889 0.00266511 -0.00862678 0.0118568
73.pcd 29.8471 -0.628555 -0.400502 0.999827 0.00314316 -0.00900286 0.0159757
74.pcd 30.3499 -0.615881 -0.405651 0.999818 0.00335376 -0.00823123 0.0168991
75.pcd 30.8545 -0.601026 -0.414163 0.999839 0.00419613 -0.00726717 0.0158387
76.pcd 31.4 -0.59134 -0.419983 0.999861 0.00422977 -0.00845781 0.0137526
77.pcd 31.9003 -0.578879 -0.429182 0.999903 0.0048593 -0.00673548 0.0112135
78.pcd 32.4018 -0.571088 -0.436375 0.999929 0.00455997 -0.00674779 0.00870676
79.pcd 32.9066 -0.566613 -0.445843 0.999945 0.00385252 -0.00782651 0.00584252
80.pcd 33.4143 -0.563172 -0.456324 0.999957 0.00252475 -0.00838793 0.00301977
81.pcd 33.921 -0.551286 -0.469844 0.999899 0.00088755 -0.00534112 0.0131098
82.pcd 34.422 -0.533876 -0.478864 0.999835 -0.000318948 -0.00512046 0.0174478
83.pcd 34.9218 -0.514815 -0.487968 0.999809 0.00105415 -0.00687193 0.0182918
84.pcd 35.4267 -0.498828 -0.497243 0.999792 0.000954152 -0.00719819 0.0190402
85.pcd 35.946 -0.483733 -0.50429 0.999876 -0.00103112 -0.00692384 0.0140995
86.pcd 36.4879 -0.476686 -0.512348 0.999964 -0.00170887 -0.00702085 0.00433705
87.pcd 36.9935 -0.474469 -0.524552 0.999973 -0.00115992 -0.00689015 0.00212789
88.pcd 37.5386 -0.468658 -0.536903 0.999951 -0.000408073 -0.00817255 0.00562817
89.pcd 38.0449 -0.465205 -0.542354 0.999954 -0.0016381 -0.00813761 0.00474955
90.pcd 38.5651 -0.460565 -0.55238 0.999961 -0.00154068 -0.00824954 0.00284878
91.pcd 39.0695 -0.459954 -0.561609 0.99997 -0.00142989 -0.007618 0.000659601
92.pcd 39.5804 -0.458842 -0.573374 0.999967 -0.00020404 -0.00777961 -0.00213998
93.pcd 40.0824 -0.462524 -0.583558 0.999981 -0.000126611 -0.00591073 -0.00174146
94.pcd 40.6161 -0.459865 -0.598857 0.999976 0.000968624 -0.00474046 0.00503645
95.pcd 41.1156 -0.502346 -0.604293 0.997087 -0.00375609 -0.00682607 -0.0758786
96.pcd 41.1161 -0.556901 -0.603336 0.984924 -0.0070251 -0.0064271 -0.172723
97.pcd 41.108 -0.629165 -0.606066 0.96263 -0.00983578 -0.00691923 -0.270554
98.pcd 41.0875 -0.686848 -0.604559 0.93078 -0.0122512 -0.00729493 -0.365301
99.pcd 41.0516 -0.736921 -0.600366 0.88925 -0.0150645 -0.00862772 -0.457092
100.pcd 41.0073 -0.772442 -0.599497 0.83912 -0.0166849 -0.00999054 -0.543598
101.pcd 40.9657 -0.794002 -0.596607 0.781458 -0.0184568 -0.0116162 -0.623576
102.pcd 40.9204 -0.806126 -0.595753 0.716934 -0.020278 -0.0108428 -0.696761
103.pcd 40.9203 -1.33559 -0.582925 0.709644 -0.0227466 -0.0126593 -0.704079
104.pcd 40.9206 -1.83956 -0.574781 0.706926 -0.0232797 -0.0119261 -0.706804
105.pcd 40.9153 -2.34457 -0.567759 0.704736 -0.0223286 -0.010946 -0.709034
106.pcd 40.908 -2.85077 -0.559615 0.702346 -0.0226815 -0.00964695 -0.711409
107.pcd 40.8953 -3.39684 -0.552606 0.699697 -0.0241189 -0.00967459 -0.713967
108.pcd 40.8817 -3.897 -0.542688 0.697406 -0.0239555 -0.0106953 -0.716196
109.pcd 40.8712 -4.4037 -0.539861 0.703397 -0.0208255 -0.00930204 -0.710431
110.pcd 40.8716 -4.94645 -0.536544 0.709532 -0.0193383 -0.00941675 -0.704345
111.pcd 40.8741 -5.45792 -0.535973 0.711744 -0.0187862 -0.00898209 -0.70213
112.pcd 40.877 -5.96332 -0.527126 0.711134 -0.0202919 -0.00851052 -0.702712
113.pcd 40.8794 -6.50963 -0.524382 0.70945 -0.0199148 -0.00692602 -0.70444
114.pcd 40.8835 -7.01799 -0.518592 0.712018 -0.0199307 -0.00786251 -0.701834
115.pcd 40.8891 -7.53409 -0.512154 0.713244 -0.0196766 -0.00732281 -0.700602
116.pcd 40.8988 -8.04131 -0.505919 0.714586 -0.0209188 -0.00759143 -0.699194
117.pcd 40.9128 -8.58144 -0.504632 0.716859 -0.0189364 -0.00596189 -0.696935
118.pcd 40.9243 -9.08553 -0.508843 0.716465 -0.0177393 -0.00474215 -0.697382
119.pcd 40.9354 -9.63594 -0.507036 0.715321 -0.0191964 -0.00700643 -0.698497
120.pcd 40.9453 -10.144 -0.504645 0.715022 -0.0189555 -0.00773684 -0.698802
121.pcd 40.9556 -10.6491 -0.501819 0.71454 -0.0180903 -0.00846305 -0.69931
122.pcd 40.9645 -11.1587 -0.502259 0.713476 -0.0172843 -0.00850002 -0.700415
123.pcd 40.9696 -11.7086 -0.496666 0.711354 -0.0207707 -0.010663 -0.702446
124.pcd 40.9728 -12.2169 -0.494874 0.709088 -0.0199345 -0.00729864 -0.7048
125.pcd 40.9678 -12.7197 -0.49182 0.707384 -0.0216285 -0.00703672 -0.706464
126.pcd 40.9648 -13.2534 -0.483575 0.705726 -0.0206262 -0.00580259 -0.708161
127.pcd 41.004 -13.2439 -0.484555 0.765265 -0.0229289 -0.00049996 -0.643306
128.pcd 41.0463 -13.2373 -0.485725 0.822 -0.020949 -0.000849227 -0.569101
129.pcd 41.0839 -13.2309 -0.487299 0.872344 -0.0178085 -0.000565936 -0.488567
130.pcd 41.1137 -13.2282 -0.488788 0.915833 -0.0147892 -0.000169694 -0.401287
131.pcd 41.1392 -13.2147 -0.492858 0.950068 -0.0114402 8.51366e-05 -0.311833
132.pcd 41.1576 -13.1952 -0.494314 0.975768 -0.00853286 -0.000953113 -0.218639
133.pcd 41.1703 -13.1477 -0.496745 0.991837 -0.00665256 -0.00174105 -0.127329
134.pcd 41.1814 -13.1247 -0.494734 0.999413 -0.00364822 -0.00244203 -0.0339857
135.pcd 41.4182 -13.1776 -0.498567 0.990699 -0.00262728 -0.00370627 -0.135997
136.pcd 41.4035 -13.2328 -0.497892 0.971342 -0.00563227 -0.0043641 -0.237578
137.pcd 41.384 -13.2656 -0.495623 0.941975 -0.00865248 -0.00381747 -0.335549
138.pcd 41.3522 -13.3048 -0.495784 0.902554 -0.0116844 -0.00398751 -0.430401
139.pcd 41.3108 -13.3273 -0.492094 0.853603 -0.0150534 -0.003795 -0.520693
140.pcd 41.2595 -13.3372 -0.490886 0.793568 -0.0168309 -0.00556917 -0.608223
141.pcd 41.2125 -13.3389 -0.487867 0.729904 -0.0201177 -0.00581872 -0.683229
142.pcd 41.2308 -13.861 -0.48876 0.722731 -0.0203372 -0.00784479 -0.690786
143.pcd 41.2496 -14.3704 -0.485622 0.720273 -0.0198707 -0.00893658 -0.693348
144.pcd 41.2647 -14.8705 -0.485049 0.718172 -0.0198486 -0.00904426 -0.695523
145.pcd 41.2772 -15.3827 -0.484571 0.715563 -0.0182293 -0.00595451 -0.698285
146.pcd 41.2822 -15.8828 -0.485172 0.713867 -0.0185051 -0.0061448 -0.700009
147.pcd 41.2914 -16.4076 -0.486189 0.711866 -0.0192482 -0.00712294 -0.702016
148.pcd 41.2944 -16.9076 -0.4845 0.709749 -0.0196273 -0.00540685 -0.70416
149.pcd 41.2929 -17.499 -0.482693 0.707338 -0.0202128 -0.00673143 -0.706554
150.pcd 41.2894 -18.0046 -0.478345 0.705272 -0.021402 -0.00653013 -0.708583
151.pcd 41.2854 -18.5081 -0.473652 0.703375 -0.0210306 -0.00779774 -0.710465
152.pcd 41.2757 -19.0202 -0.472288 0.701024 -0.0220074 -0.00716465 -0.712762
153.pcd 41.2659 -19.534 -0.472039 0.698914 -0.0202616 -0.00602315 -0.714894
154.pcd 41.2566 -20.077 -0.474676 0.702226 -0.019892 -0.00401607 -0.711665
155.pcd 41.2502 -20.6122 -0.46784 0.706659 -0.0219348 -0.00469654 -0.707198
156.pcd 41.254 -21.1552 -0.461075 0.709451 -0.0242285 -0.00804593 -0.704292
157.pcd 41.2578 -21.6651 -0.45843 0.708936 -0.0240764 -0.00576091 -0.704838
158.pcd 41.2604 -22.1667 -0.458848 0.708323 -0.0216983 -0.00184764 -0.705552
159.pcd 41.2595 -22.6702 -0.460325 0.710348 -0.0214924 -0.00199769 -0.70352
160.pcd 41.2633 -23.1764 -0.463953 0.710644 -0.0213131 -0.00174117 -0.703227
161.pcd 41.2739 -23.7197 -0.459839 0.711367 -0.0214506 -0.00404808 -0.702481
162.pcd 41.2799 -24.2593 -0.454962 0.713787 -0.0209347 -0.00336956 -0.700042
163.pcd 41.2856 -24.7596 -0.456698 0.713367 -0.0222411 -0.00496895 -0.70042
164.pcd 41.2956 -25.267 -0.460511 0.71212 -0.0201589 -0.00412849 -0.701756
165.pcd 41.2979 -25.8165 -0.459285 0.710545 -0.0211255 -0.00443248 -0.703321
166.pcd 41.3006 -26.3283 -0.454502 0.709156 -0.0201172 -0.00330559 -0.704757
167.pcd 41.2989 -26.8443 -0.45508 0.706829 -0.0194996 -0.00323634 -0.707109
168.pcd 41.2912 -27.3528 -0.456873 0.704714 -0.0186566 -0.00196444 -0.709243
169.pcd 41.3242 -27.5203 -0.453852 0.764631 -0.0210813 0.0033221 -0.644114
170.pcd 41.3629 -27.5064 -0.455492 0.81847 -0.0196648 0.00382598 -0.5742
171.pcd 41.3986 -27.4873 -0.456433 0.868097 -0.0166178 0.00340259 -0.496105
172.pcd 41.4369 -27.4634 -0.460116 0.910738 -0.014494 0.00270259 -0.412722
173.pcd 41.4639 -27.4364 -0.460023 0.944634 -0.0108484 0.00196472 -0.327942
174.pcd 41.4934 -27.4025 -0.460357 0.97082 -0.00822475 0.0022775 -0.239657
175.pcd 41.5129 -27.3639 -0.460273 0.988847 -0.0053784 0.00283133 -0.14881
176.pcd 41.5182 -27.3266 -0.460752 0.998791 -0.00296068 0.00305093 -0.0489823
177.pcd 42.0464 -27.3161 -0.4806 0.999996 0.00161743 -0.00203998 -0.00112125
178.pcd 42.595 -27.3201 -0.504614 0.999994 0.0012246 -0.00258467 -0.00173014
179.pcd 43.0956 -27.3274 -0.517795 0.999989 0.000608751 -0.000680281 -0.00459475
180.pcd 43.6306 -27.331 -0.540656 0.999984 -0.000443485 -0.000214036 -0.00557865
181.pcd 43.6217 -27.2786 -0.53798 0.994673 -0.00176088 0.00199488 0.103047
182.pcd 43.6074 -27.2352 -0.538247 0.977481 0.00149962 0.00216816 0.211009
183.pcd 43.5785 -27.1979 -0.536505 0.947805 0.00572438 0.00379188 0.318776
184.pcd 43.5373 -27.1874 -0.535919 0.906224 0.00893339 0.00455568 0.422679
185.pcd 43.4905 -27.1733 -0.532462 0.85424 0.0124815 0.00453798 0.519709
186.pcd 43.4447 -27.1702 -0.532316 0.790832 0.0160068 0.00522842 0.611801
187.pcd 43.398 -27.1647 -0.532916 0.726805 0.0182361 0.00518895 0.686582
188.pcd 43.4503 -26.6426 -0.542052 0.72116 0.0247428 0.00395752 0.692315
189.pcd 43.5281 -26.4155 -0.553976 0.792214 0.0217977 0.0077101 0.609805
190.pcd 43.5786 -26.3961 -0.555649 0.854747 0.0178662 0.00609899 0.518701
191.pcd 43.6419 -26.4056 -0.55454 0.907663 0.0149822 0.00460724 0.419407
192.pcd 43.6909 -26.4503 -0.557081 0.948195 0.0111012 0.00546779 0.317449
193.pcd 43.7204 -26.4872 -0.556569 0.97698 0.00632453 0.00448744 0.213189
194.pcd 43.7402 -26.5328 -0.558678 0.99392 0.00233865 0.00411828 0.110005
195.pcd 43.7396 -26.5777 -0.556194 0.99993 -0.000564132 0.00349097 0.0112649
196.pcd 44.2699 -26.5633 -0.582101 0.999984 -0.00104926 0.00210435 0.0051423
197.pcd 44.7847 -26.5594 -0.601143 0.999993 -0.00231748 0.00274304 0.00119909
198.pcd 45.2891 -26.5676 -0.626461 0.999988 -0.00276672 0.00371887 -0.00157144
199.pcd 45.8099 -26.5704 -0.649681 0.999969 -0.00326609 0.00443397 -0.00553854
200.pcd 46.3532 -26.5868 -0.670238 0.999951 -0.00304267 0.00383611 -0.0086314
201.pcd 46.8682 -26.5928 -0.684105 0.999923 -0.00320873 0.00282625 -0.011607
202.pcd 46.9037 -26.6425 -0.686256 0.995022 -0.0066005 0.00284229 -0.0993976
203.pcd 46.8901 -26.6818 -0.680139 0.981271 -0.0103864 0.00156113 -0.192344
204.pcd 46.8794 -26.7132 -0.677128 0.956383 -0.013985 0.00180468 -0.291775
205.pcd 46.8526 -26.7497 -0.664613 0.920377 -0.0152591 0.000320287 -0.390734
206.pcd 46.82 -26.779 -0.658197 0.875273 -0.0184848 -0.000462452 -0.483275
207.pcd 46.7794 -26.7983 -0.650777 0.819231 -0.0214242 -0.00116928 -0.573063
208.pcd 46.7448 -26.8167 -0.648735 0.755668 -0.0224007 -0.00252252 -0.654567
209.pcd 46.7224 -27.3622 -0.653105 0.714069 -0.0257216 -0.0062541 -0.699575
210.pcd 46.7306 -27.8919 -0.650731 0.711112 -0.024031 -0.00505995 -0.702649
211.pcd 46.734 -28.4215 -0.648488 0.709215 -0.0242503 -0.00413238 -0.704563
212.pcd 46.7351 -28.9541 -0.647141 0.706697 -0.024092 -0.0047931 -0.70709
213.pcd 46.7311 -29.4787 -0.63915 0.704548 -0.0254565 -0.00788188 -0.709156
214.pcd 46.7213 -30.0072 -0.636657 0.702623 -0.0223955 -0.00599383 -0.711184
215.pcd 46.7112 -30.5182 -0.635424 0.701064 -0.0214115 -0.00616825 -0.71275
216.pcd 46.6989 -31.0244 -0.632266 0.69882 -0.0224583 -0.00788269 -0.714901
217.pcd 46.6415 -31.2014 -0.62688 0.626302 -0.0252404 -0.00508861 -0.779155
218.pcd 46.5941 -31.187 -0.626254 0.54371 -0.0266499 -0.00472561 -0.838837
219.pcd 46.5444 -31.1675 -0.621442 -0.450373 0.0291608 0.00667871 0.892339
220.pcd 46.5051 -31.1344 -0.622444 -0.370044 0.0303131 0.0068078 0.928494
221.pcd 46.4677 -31.1 -0.623185 -0.285063 0.0309651 0.00750285 0.957979
222.pcd 46.439 -31.0514 -0.630196 -0.179193 0.0320598 0.00726996 0.983265
223.pcd 46.4277 -31.0012 -0.626398 -0.0834617 0.0327293 0.00711859 0.995948
224.pcd 46.4272 -30.9574 -0.624178 0.00489194 0.0321823 0.00797786 0.999438
225.pcd 45.9159 -30.9342 -0.607555 0.0128228 0.0343949 0.0111911 0.999263
226.pcd 45.3683 -30.9066 -0.595147 0.0129725 0.0342311 0.0102004 0.999278
227.pcd 44.802 -30.8861 -0.575107 0.00804629 0.0329545 0.010076 0.999374
228.pcd 44.242 -30.8907 -0.555919 0.00297215 0.0321651 0.0105426 0.999423
229.pcd 43.7192 -30.8923 -0.535966 -0.000563283 0.032948 0.0118848 0.999386
230.pcd 43.2113 -30.8812 -0.52325 0.00355875 0.0323427 0.0127639 0.999389
231.pcd 42.7001 -30.8709 -0.504876 -0.000151067 0.0329106 0.0133755 0.999369
232.pcd 42.1985 -30.8723 -0.488502 -0.00482539 0.0326685 0.0150535 0.999341
233.pcd 41.6899 -30.8773 -0.469903 -0.00592489 0.0329882 0.0173772 0.999287
234.pcd 41.1826 -30.8768 -0.455185 -0.003789 0.0329954 0.0176107 0.999293
235.pcd 40.6826 -30.8693 -0.440664 -0.006373 0.0341793 0.0170167 0.999251
236.pcd 40.1667 -30.8775 -0.428422 -0.0106451 0.033344 0.0165615 0.99925
237.pcd 39.6261 -30.8814 -0.415259 -0.0121778 0.0331502 0.0172746 0.999227
238.pcd 39.0954 -30.906 -0.394055 -0.0161619 0.0337136 0.0174122 0.999149
239.pcd 38.5463 -30.9246 -0.380535 -0.0168857 0.0335864 0.0182883 0.999126
240.pcd 38.0347 -30.9401 -0.360604 -0.0150092 0.0322284 0.0188092 0.999191
241.pcd 37.4813 -30.9462 -0.345862 -0.0132908 0.0314708 0.0180094 0.999254
242.pcd 36.9691 -30.9619 -0.327039 -0.0103157 0.0319179 0.0183535 0.999269
243.pcd 36.4629 -30.9666 -0.313325 -0.0113474 0.0322532 0.0169269 0.999272
244.pcd 35.9533 -30.9737 -0.295924 -0.0132354 0.0319715 0.0165601 0.999264
245.pcd 35.443 -30.983 -0.277463 -0.0123466 0.0324762 0.016857 0.999254
246.pcd 34.8853 -30.992 -0.260618 -0.0108603 0.0310063 0.0172317 0.999312
247.pcd 34.3771 -31.0037 -0.246686 -0.0180099 0.0318398 0.0167983 0.99919
248.pcd 33.8719 -31.0272 -0.234578 -0.0240507 0.0320761 0.0173902 0.999045
249.pcd 33.3673 -31.0485 -0.219967 -0.0272727 0.0307783 0.0172587 0.999005
250.pcd 32.8621 -31.0717 -0.212538 -0.0266861 0.0302917 0.0164598 0.999049
251.pcd 32.36 -31.0946 -0.200967 -0.0247561 0.0300571 0.0142499 0.99914
252.pcd 31.8548 -31.1141 -0.185665 -0.0224076 0.0317925 0.0140527 0.999144
253.pcd 31.3455 -31.1311 -0.169114 -0.0197409 0.0342485 0.0137127 0.999124
254.pcd 30.8425 -31.1402 -0.147961 -0.0122277 0.0336423 0.0145968 0.999253
255.pcd 30.3369 -31.1445 -0.127377 -0.00718579 0.0326433 0.0153449 0.999323
256.pcd 29.8272 -31.15 -0.107949 -0.00660037 0.0307971 0.0153502 0.999386
257.pcd 29.3239 -31.1558 -0.0963364 -0.0113004 0.0301963 0.015578 0.999359
258.pcd 28.8231 -31.1638 -0.0786739 -0.0115287 0.0306946 0.0156853 0.999339
259.pcd 28.31 -31.1694 -0.0634939 -0.0103437 0.0314198 0.0145576 0.999347
260.pcd 27.801 -31.1737 -0.0472067 -0.00781643 0.0317601 0.0147336 0.999356
261.pcd 27.2979 -31.1742 -0.0383166 -0.00549274 0.0307431 0.0135546 0.99942
262.pcd 26.7872 -31.1737 -0.0217692 -0.00279028 0.0303789 0.0135007 0.999443
263.pcd 26.2818 -31.1735 -0.0169889 -0.000649521 0.0302402 0.0133613 0.999453
264.pcd 25.7336 -31.1689 -0.00688675 -0.00274798 0.0301637 0.0115223 0.999475
265.pcd 25.2269 -31.1687 0.0105981 -0.00127502 0.0310878 0.013254 0.999428
266.pcd 24.7196 -31.1653 0.0227713 0.000747313 0.0310643 0.0138983 0.99942
267.pcd 24.2162 -31.1651 0.0391661 -0.00509008 0.0311555 0.0132656 0.999414
268.pcd 23.707 -31.179 0.0509584 -0.0179203 0.0286886 0.0126655 0.999347
269.pcd 23.2038 -31.2007 0.0669299 -0.024687 0.0298277 0.0125126 0.999172
270.pcd 22.6483 -31.2292 0.0816249 -0.0261429 0.0289178 0.0134687 0.999149
271.pcd 22.0887 -31.2579 0.0985724 -0.0249462 0.0303677 0.0149306 0.999116
272.pcd 21.5835 -31.2801 0.113606 -0.022893 0.0289641 0.0152209 0.999202
273.pcd 21.079 -31.3001 0.130251 -0.0198263 0.0285572 0.0152621 0.999279
274.pcd 20.5763 -31.3162 0.142948 -0.0161149 0.0292484 0.0147286 0.999334
275.pcd 20.0679 -31.329 0.152639 -0.0135231 0.0302758 0.0141812 0.999349
276.pcd 19.5562 -31.3385 0.165074 -0.0104046 0.0307872 0.0135896 0.999379
277.pcd 19.0521 -31.3462 0.176209 -0.00765095 0.0302484 0.0139726 0.999415
278.pcd 18.5461 -31.35 0.185392 -0.00495665 0.0296676 0.0136843 0.999454
279.pcd 18.0334 -31.3524 0.196699 -0.00241396 0.0285468 0.014032 0.999491
280.pcd 17.4867 -31.3456 0.200286 0.000911164 0.029742 0.0124507 0.99948
281.pcd 16.938 -31.3412 0.216147 0.00440039 0.0300813 0.0128652 0.999455
282.pcd 16.3874 -31.3318 0.226912 0.007428 0.0292386 0.0121185 0.999471
283.pcd 15.874 -31.3276 0.244536 0.0038396 0.0291207 0.0133045 0.99948
284.pcd 15.3706 -31.327 0.261774 0.000992337 0.0288414 0.0147787 0.999474
285.pcd 14.8661 -31.3219 0.273873 0.00201266 0.0276449 0.0148252 0.999506
286.pcd 14.3642 -31.3149 0.28629 0.00384904 0.0277404 0.0137433 0.999513
287.pcd 13.855 -31.3039 0.297901 0.00588845 0.0298625 0.0129297 0.999453
288.pcd 13.3081 -31.3103 0.315308 -0.00401138 0.0309287 0.0118161 0.999444
289.pcd 12.806 -31.3151 0.326381 -0.0076945 0.0302371 0.0108052 0.999455
290.pcd 12.6626 -31.2714 0.331869 0.0891326 0.0286126 0.00603697 0.99559
291.pcd 12.6669 -31.211 0.330454 0.191303 0.0280305 0.0061357 0.981111
292.pcd 12.6694 -31.2549 0.330232 0.0969666 0.0267356 0.00303833 0.994924
293.pcd 12.6629 -31.3027 0.32925 0.00901582 0.0272451 0.0021363 0.999586
294.pcd 12.1605 -31.3186 0.338105 -0.0151671 0.0291031 0.00707712 0.999436
295.pcd 11.646 -31.3506 0.350223 -0.0318049 0.0281338 0.00665349 0.999076
296.pcd 11.1048 -31.3881 0.357974 -0.0346177 0.0273516 0.00675505 0.999003
297.pcd 10.5718 -31.4113 0.360538 -0.0229042 0.0274812 0.00599719 0.999342
298.pcd 10.292 -31.3768 0.370198 0.0651516 0.0280517 0.00473708 0.99747
299.pcd 10.2914 -31.3302 0.371662 0.151816 0.0273775 0.00240833 0.988027
300.pcd 10.305 -31.2832 0.374508 0.242706 0.0273975 0.00137023 0.969712
301.pcd 10.3233 -31.2331 0.371479 0.331223 0.0258738 0.0010622 0.943197
302.pcd 10.3611 -31.1872 0.368693 0.415326 0.0257764 0.00043979 0.909307
303.pcd 10.4179 -31.1276 0.368725 0.517144 0.024948 0.000209437 0.855535
304.pcd 10.4671 -31.093 0.367547 0.594264 0.0235978 7.79395e-05 0.803924
305.pcd 10.534 -31.0609 0.364879 0.679555 0.0217956 -0.00174438 0.733299
306.pcd 10.6015 -30.5208 0.360454 0.716245 0.0224739 -0.000254277 0.697487
307.pcd 10.6205 -29.9203 0.357518 0.712564 0.0224866 0.000160882 0.701247
308.pcd 10.6337 -29.369 0.358462 0.709687 0.0248189 -0.00225983 0.704076
309.pcd 10.641 -28.8234 0.356665 0.709929 0.0251921 -5.55039e-05 0.703823
310.pcd 10.6524 -28.3062 0.351198 0.711645 0.02399 0.00083047 0.702129
311.pcd 10.6045 -27.8919 0.353589 0.639536 0.0194038 -0.00136899 0.768515
312.pcd 10.5686 -27.9094 0.3555 0.567318 0.0203739 -0.00148318 0.823245
313.pcd 10.5189 -27.9418 0.352942 0.486421 0.0207653 0.00105126 0.873477
314.pcd 10.4639 -27.974 0.353083 0.399933 0.0226527 0.00145776 0.916263
315.pcd 10.4217 -28.0116 0.358018 0.312794 0.0244919 0.00181328 0.949503
316.pcd 10.3964 -28.0574 0.353971 0.224267 0.0251662 0.00247233 0.9742
317.pcd 10.3856 -28.1044 0.354115 0.133514 0.0266034 0.00380506 0.990683
318.pcd 10.4131 -28.1441 0.351205 0.0463597 0.0268262 0.00379129 0.998557
319.pcd 9.90602 -28.1604 0.356545 -0.00157099 0.028967 0.00726484 0.999553
320.pcd 9.39574 -28.1598 0.371001 -0.00224952 0.0293484 0.00900594 0.999526
321.pcd 8.88525 -28.1571 0.382827 -0.000258747 0.0299068 0.0100368 0.999502
322.pcd 8.37224 -28.1562 0.399335 -0.00386689 0.0306152 0.00969056 0.999477
323.pcd 7.86195 -28.161 0.421523 -0.00508058 0.0296415 0.00904836 0.999507
324.pcd 7.34711 -28.1645 0.434875 -0.00495992 0.0294009 0.00893704 0.999515
325.pcd 6.84328 -28.161 0.447897 -0.00215199 0.0288918 0.00861636 0.999543
326.pcd 6.33105 -28.1593 0.463099 0.00109495 0.0279419 0.0071028 0.999584
327.pcd 5.7764 -28.1503 0.471812 0.00239664 0.0272092 0.00948333 0.999582
328.pcd 5.26749 -28.1409 0.481324 0.00412371 0.0273356 0.0086167 0.999581
329.pcd 4.86247 -28.0709 0.490176 0.110929 0.0261669 0.00707229 0.993459
330.pcd 4.87062 -28.0051 0.489778 0.214175 0.0256866 0.00595829 0.976439
331.pcd 4.89225 -27.9469 0.489583 0.313753 0.0245375 0.00437659 0.949177
332.pcd 4.9252 -27.8767 0.492564 0.433748 0.0242842 0.00419407 0.900697
333.pcd 4.96648 -27.8408 0.49167 0.520322 0.0229119 0.00337215 0.853656
334.pcd 5.01957 -27.802 0.489019 0.605644 0.0205843 0.00200577 0.795467
335.pcd 5.06727 -27.7775 0.487983 0.674625 0.0183269 0.00167088 0.737931
336.pcd 5.12905 -27.753 0.487977 0.744838 0.0164519 -0.000285621 0.667043
337.pcd 5.18408 -27.2057 0.480098 0.744289 0.0187757 0.00151877 0.667592
338.pcd 5.24242 -26.7017 0.477973 0.744019 0.0206921 -0.00022083 0.667838
339.pcd 5.22816 -26.1916 0.484291 0.692861 0.0171251 -0.00105445 0.720867
340.pcd 5.18926 -25.6653 0.47943 0.68581 0.0200597 -0.000324528 0.727504
341.pcd 5.16302 -25.1599 0.49015 0.688426 0.0197813 -0.0010043 0.725036
342.pcd 5.14038 -24.609 0.478697 0.690241 0.0213267 0.000301106 0.723265
343.pcd 5.11622 -24.0613 0.476222 0.698482 0.02247 0.00104721 0.715274
344.pcd 5.11023 -23.5375 0.478781 0.704022 0.0208743 0.00229562 0.709868
345.pcd 5.11053 -22.9987 0.477594 0.708723 0.0226622 -9.57e-05 0.705123
346.pcd 5.12146 -22.4887 0.475464 0.712016 0.0220174 0.00258524 0.701814
347.pcd 5.12943 -21.9852 0.471399 0.714794 0.0237331 0.00143208 0.698931
348.pcd 5.1472 -21.4714 0.472846 0.717809 0.0222198 0.000570575 0.695885
349.pcd 5.16461 -20.9171 0.465175 0.720822 0.0211241 0.00273547 0.692793
350.pcd 5.18576 -20.4016 0.456973 0.723393 0.0219607 0.00278268 0.690082
351.pcd 5.21615 -19.8657 0.45101 0.725377 0.0206491 0.00268264 0.688037
352.pcd 5.23763 -19.3436 0.452153 0.721382 0.0214647 0.00172338 0.692202
353.pcd 5.24237 -18.8356 0.4434 0.710991 0.0210782 0.00293651 0.702879
354.pcd 5.21988 -18.3244 0.441758 0.684449 0.0195575 0.00218024 0.728795
355.pcd 5.16782 -17.7847 0.43447 0.677051 0.0217957 0.00380171 0.735603
356.pcd 5.13741 -17.2786 0.434334 0.683238 0.020746 0.00367068 0.729892
357.pcd 5.1121 -16.7719 0.4309 0.688065 0.0190525 0.00330641 0.725391
358.pcd 5.08783 -16.2539 0.423031 0.69142 0.0187516 0.00283026 0.722205
359.pcd 5.06939 -15.7487 0.419261 0.694851 0.0189927 0.00420169 0.718891
360.pcd 5.05602 -15.2465 0.414985 0.697668 0.0173308 0.00449907 0.716198
361.pcd 5.04477 -14.7304 0.401653 0.699925 0.0196543 0.00555401 0.713924
362.pcd 5.0377 -14.2211 0.402805 0.698517 0.0224511 0.00159544 0.715239
363.pcd 5.01879 -13.6727 0.399734 0.694476 0.0195379 0.00556868 0.719229
364.pcd 5.0054 -13.1636 0.394765 0.694556 0.0202229 0.00336754 0.719147
365.pcd 4.98406 -12.6537 0.382617 0.695714 0.0215187 0.00338626 0.717989
366.pcd 4.97698 -12.1408 0.378999 0.696776 0.0209555 0.00683511 0.71695
367.pcd 4.95972 -11.5876 0.375906 0.695182 0.0213846 0.00630765 0.718488
368.pcd 4.93609 -11.0405 0.371208 0.688191 0.022324 0.00497566 0.725169
369.pcd 4.91552 -10.5272 0.36834 0.688871 0.0210297 0.00620174 0.724553
370.pcd 4.8976 -10.0158 0.358331 0.694233 0.0226949 0.00670574 0.719361
371.pcd 4.88914 -9.51201 0.356782 0.699551 0.0204834 0.00680744 0.714257
372.pcd 4.87493 -9.01029 0.355187 0.697911 0.0208056 0.00659133 0.715852
373.pcd 4.86209 -8.50766 0.344447 0.697798 0.0224442 0.00779617 0.715901
374.pcd 4.85129 -8.00475 0.340699 0.700108 0.0192381 0.00771213 0.713736
375.pcd 4.84428 -7.49115 0.333841 0.701187 0.0234034 0.00781891 0.71255
376.pcd 4.84363 -6.98067 0.332303 0.706126 0.0216635 0.00687497 0.707722
377.pcd 4.85146 -6.47259 0.32491 0.710928 0.0222216 0.00563876 0.702891
378.pcd 4.86182 -5.96118 0.318638 0.713796 0.0204987 0.00555652 0.700031
379.pcd 4.87735 -5.40757 0.311336 0.711565 0.019129 0.00605179 0.702334
380.pcd 4.87435 -4.85516 0.313486 0.701479 0.0240705 -0.000599162 0.712283
381.pcd 4.86113 -4.35395 0.305087 0.697641 0.0217256 0.00599713 0.716093
382.pcd 4.84787 -3.84819 0.298366 0.696944 0.0212903 0.00830308 0.716761
383.pcd 4.83496 -3.34193 0.289132 0.698435 0.0207269 0.0109069 0.71529
384.pcd 4.82809 -2.84137 0.281533 0.700233 0.0217533 0.00861428 0.713531
385.pcd 4.82028 -2.33176 0.276127 0.701949 0.0215 0.00736272 0.711865
386.pcd 4.8117 -1.82302 0.263697 0.703752 0.0191732 0.00991556 0.710118
387.pcd 4.81191 -1.31992 0.249654 0.705317 0.020868 0.0118929 0.708485
388.pcd 4.80986 -0.814165 0.242177 0.707716 0.0217304 0.00933063 0.706101
389.pcd 4.81782 -0.311811 0.235858 0.709866 0.0224587 0.00806969 0.703933
390.pcd 4.82958 0.193886 0.225828 0.711567 0.0212733 0.0089894 0.702239
391.pcd 4.84679 0.725104 0.21677 0.716881 0.0214499 0.00799235 0.69682
392.pcd 4.89221 0.907807 0.214984 0.774982 0.0154326 0.00650051 0.631761
393.pcd 4.94853 0.913014 0.214372 0.836299 0.012336 0.00510105 0.548112
394.pcd 4.99633 0.900514 0.211527 0.890868 0.00946981 0.00402809 0.454145
395.pcd 5.04439 0.882679 0.212716 0.927396 0.00646048 0.00277671 0.374016
396.pcd 5.10388 0.848125 0.214496 0.961483 0.00284836 0.00286918 0.274834
397.pcd 5.14478 0.809085 0.209893 0.985205 -0.000959982 0.0012424 0.171374
398.pcd 5.17588 0.764257 0.21111 0.997364 -0.00346014 -0.000303514 0.0724718
399.pcd 5.72539 0.737914 0.193496 0.999983 -0.00493284 -0.00230894 0.00227775
400.pcd 6.25525 0.735703 0.176903 0.999987 -0.00455141 -0.00186056 -0.00161798
401.pcd 6.77219 0.737613 0.15869 0.999974 -0.00517773 -0.00165586 -0.00465325
402.pcd 7.29528 0.725937 0.139887 0.999958 -0.00537911 -0.00223518 -0.00713827
403.pcd 7.80839 0.716829 0.122873 0.999921 -0.00556444 -0.00242014 -0.0109766
404.pcd 8.32222 0.702297 0.101695 0.999898 -0.00528422 -0.00220396 -0.0130521
405.pcd 8.82936 0.689964 0.0895247 0.999822 -0.00454682 -0.00250316 -0.0181274
406.pcd 9.34559 0.668214 0.0771245 0.999767 -0.00313143 -0.00228661 -0.0212334
407.pcd 9.89486 0.640832 0.0636606 0.999702 -0.002474 -0.00234025 -0.024185
408.pcd 10.3963 0.60958 0.0537483 0.999627 -0.00253989 -0.00324215 -0.0270165
409.pcd 10.9014 0.580977 0.0408866 0.999542 -0.00174967 -0.0033364 -0.0300333
410.pcd 11.4374 0.544342 0.0283592 0.999412 -0.00205927 -0.00299499 -0.0340937
411.pcd 11.98 0.502863 0.00556497 0.999407 -0.00378273 -0.00334226 -0.0340499
412.pcd 12.4929 0.47583 -0.0146288 0.999711 -0.00430245 -0.00469505 -0.0231914
413.pcd 13.0072 0.465466 -0.0343546 0.999902 -0.00260568 -0.00538299 -0.0126533
414.pcd 13.5104 0.459409 -0.0562998 0.999977 -0.00160835 -0.00405624 -0.00524021
415.pcd 14.1178 0.458383 -0.0759159 0.999999 -0.000149515 -0.00134439 -0.000752139
416.pcd 14.7381 0.4651 -0.0998963 0.999998 0.00200591 0.000512153 -7.12182e-06
417.pcd 15.307 0.457685 -0.111595 0.999998 0.00132932 0.000204832 -0.00143972
418.pcd 15.8102 0.458711 -0.126758 0.999994 0.00158483 -0.000191574 0.00310255
419.pcd 16.3194 0.470803 -0.134708 0.99991 0.00198513 -0.000138501 0.0132855
420.pcd 16.8594 0.490619 -0.147554 0.999845 0.00236262 -0.00106415 0.0173914
421.pcd 17.4368 0.510881 -0.161056 0.999714 0.00404134 0.000553924 0.0235663
422.pcd 17.9852 0.528795 -0.1699 0.99982 0.00373725 0.00125049 0.018562
423.pcd 18.5377 0.544242 -0.194097 0.999949 0.00514475 -0.000238743 0.00868766
424.pcd 19.0767 0.543118 -0.212348 0.999984 0.00522259 0.000560322 -0.00206754
425.pcd 19.6131 0.536042 -0.241197 0.999916 0.00769195 -6.92389e-05 -0.0104035
426.pcd 20.1172 0.519535 -0.262454 0.999854 0.0068089 0.000593133 -0.0156526
427.pcd 20.6337 0.503415 -0.281878 0.999793 0.00749267 0.00263251 -0.0187293
428.pcd 21.1508 0.486656 -0.307767 0.999791 0.00804461 0.000834748 -0.0187575
429.pcd 21.6993 0.470173 -0.322417 0.999785 0.00833244 0.000422388 -0.0189766
430.pcd 22.2054 0.457 -0.334262 0.999931 0.00565415 0.000433338 -0.0103099
431.pcd 22.7169 0.45708 -0.349919 0.99998 0.00548004 0.00115147 0.0028396
432.pcd 23.2217 0.481433 -0.37063 0.999906 0.00498608 -0.000820988 0.0127427
433.pcd 23.8175 0.497718 -0.392811 0.999865 0.00374044 0.00269729 0.0158005
434.pcd 24.3573 0.513891 -0.417892 0.999891 0.007064 0.00134482 0.0128788
435.pcd 24.8703 0.523927 -0.437662 0.999914 0.00731475 0.00396852 0.0100961
436.pcd 25.3803 0.528981 -0.456815 0.999952 0.00624268 0.00208789 0.00723425
437.pcd 25.9035 0.537061 -0.486677 0.999981 0.00436648 0.00199692 0.00381285
438.pcd 26.4169 0.539482 -0.513447 0.99999 0.00423968 0.0012798 0.000945656
439.pcd 26.9828 0.532689 -0.532622 0.999991 0.00365942 0.00186378 -0.00104122
440.pcd 27.4913 0.516425 -0.549723 0.999984 0.00377273 0.00161768 -0.0039273
441.pcd 28.0048 0.517645 -0.578502 0.999969 0.00659259 0.00172495 -0.00391364
442.pcd 28.5169 0.502302 -0.589648 0.999978 0.00528943 0.000318238 -0.00403779
443.pcd 29.055 0.484518 -0.619371 0.999958 0.00627483 -0.00218288 -0.00631233
444.pcd 29.5773 0.465875 -0.637707 0.999956 0.00440416 -0.00156231 -0.00812595
445.pcd 30.1236 0.448345 -0.662717 0.999936 0.00216941 -0.00296602 -0.0106564
446.pcd 30.6714 0.431278 -0.696945 0.999888 0.00114139 -0.00579004 -0.0137556
447.pcd 31.1748 0.421852 -0.73644 0.999939 0.00137589 -0.00595274 -0.00922868
448.pcd 31.7156 0.406045 -0.762556 0.999944 0.00107095 -0.00783492 -0.00703424
449.pcd 32.2517 0.392864 -0.769179 0.99994 -0.000854524 -0.00670317 -0.00862105
450.pcd 32.7843 0.381655 -0.792522 0.999898 -0.000201624 -0.00947934 -0.010645
451.pcd 33.2929 0.367511 -0.796848 0.999871 0.000519516 -0.00885789 -0.0134121
452.pcd 33.8376 0.346566 -0.774471 0.999856 -0.000351231 -0.00403625 -0.016488
453.pcd 34.37 0.334059 -0.770284 0.999908 5.37813e-05 -0.000946672 -0.0135268
454.pcd 34.876 0.323027 -0.775835 0.999985 0.000278538 -0.00332454 -0.00423288
455.pcd 35.3767 0.330934 -0.799827 0.999946 0.000407428 -0.00653894 0.00809553
456.pcd 35.9213 0.341734 -0.822623 0.999877 1.4684e-05 -0.00706481 0.0139927
457.pcd 36.4309 0.350465 -0.839486 0.999854 -0.000135796 -0.00767089 0.0152956
458.pcd 36.9746 0.367239 -0.866453 0.999869 3.27961e-05 -0.00897082 0.0134754
459.pcd 37.4834 0.376577 -0.868161 0.999882 0.000201268 -0.0106449 0.011054
460.pcd 37.9945 0.381969 -0.868968 0.999922 0.000188163 -0.0109996 0.00592101
461.pcd 38.544 0.376062 -0.874698 0.999903 0.000577333 -0.0133839 -0.00385213
462.pcd 39.1019 0.35205 -0.884357 0.999779 -0.00176174 -0.0129277 -0.0165062
463.pcd 39.6021 0.333133 -0.885596 0.999738 -0.00232305 -0.0118343 -0.019467
464.pcd 40.1071 0.310915 -0.881336 0.999682 -0.00363253 -0.0114017 -0.0221898
465.pcd 40.6175 0.279144 -0.882525 0.999682 -0.0044055 -0.0119295 -0.0217958
466.pcd 41.1195 0.265683 -0.887809 0.999803 -0.00351738 -0.00988324 -0.0168292
467.pcd 41.6364 0.245329 -0.895127 0.999833 -0.00341599 -0.00829318 -0.0159211
468.pcd 42.1539 0.226625 -0.905533 0.999796 -0.00416254 -0.00856441 -0.0178211
469.pcd 42.3294 0.169968 -0.911773 0.993802 -0.00834732 -0.00988342 -0.110409
470.pcd 42.3493 0.110949 -0.914097 0.979313 -0.0105932 -0.0117151 -0.201736
471.pcd 42.3513 0.059936 -0.907041 0.955667 -0.0122689 -0.0133181 -0.293894
472.pcd 42.3301 0.0187997 -0.909536 0.915517 -0.0159056 -0.014724 -0.401695
473.pcd 42.2938 -0.0301612 -0.903712 0.874035 -0.0160483 -0.0150777 -0.485364
474.pcd 42.2789 -0.0899602 -0.896878 0.824781 -0.0167968 -0.0155161 -0.56499
475.pcd 42.254 -0.140555 -0.897033 0.768934 -0.0174473 -0.0152233 -0.638908
476.pcd 42.2869 -0.642551 -0.888412 0.730753 -0.0206808 -0.0163647 -0.682133
477.pcd 42.2993 -1.1439 -0.879308 0.719627 -0.0213625 -0.0167658 -0.69383
478.pcd 42.3093 -1.64714 -0.867187 0.713581 -0.0203105 -0.017445 -0.700061
479.pcd 42.3117 -2.19086 -0.84423 0.709699 -0.0219545 -0.0199875 -0.703879
480.pcd 42.3044 -2.69403 -0.82263 0.70055 -0.0206746 -0.0188159 -0.713055
481.pcd 42.2889 -3.22607 -0.80407 0.694314 -0.0176 -0.0171141 -0.719254
482.pcd 42.2557 -3.73714 -0.784387 0.691111 -0.0182269 -0.0206205 -0.722225
483.pcd 42.2336 -4.25852 -0.76094 0.689356 -0.0192174 -0.0195792 -0.723903
484.pcd 42.201 -4.78296 -0.758906 0.687761 -0.0150776 -0.0189551 -0.725533
485.pcd 42.1726 -5.3203 -0.759796 0.693188 -0.0179203 -0.015314 -0.720372
486.pcd 42.1516 -5.82796 -0.745134 0.701787 -0.0185441 -0.0149567 -0.711989
487.pcd 42.1463 -6.35092 -0.744531 0.707903 -0.0211057 -0.0151 -0.705833
488.pcd 42.1439 -6.85691 -0.736348 0.71163 -0.0192044 -0.0126611 -0.702178
489.pcd 42.133 -7.36083 -0.736638 0.711918 -0.0207047 -0.0123582 -0.701848
490.pcd 42.1203 -7.89146 -0.723426 0.712514 -0.0208462 -0.0119804 -0.701245
491.pcd 42.122 -8.39279 -0.710329 0.710778 -0.0202469 -0.0128122 -0.703008
492.pcd 42.1189 -8.90822 -0.70335 0.71697 -0.0200916 -0.0131507 -0.696691
493.pcd 42.1239 -9.44008 -0.697041 0.722422 -0.0171186 -0.0136232 -0.691106
494.pcd 42.1413 -9.94861 -0.689611 0.724773 -0.0159911 -0.0179134 -0.688569
495.pcd 42.1609 -10.4751 -0.686903 0.721624 -0.0159184 -0.0162808 -0.691911
496.pcd 42.1685 -10.9946 -0.679375 0.719214 -0.0160741 -0.0157392 -0.694424
497.pcd 42.1839 -11.5361 -0.676283 0.714793 -0.0143122 -0.0147285 -0.699035
498.pcd 42.1916 -12.0446 -0.662786 0.712644 -0.0179263 -0.0195571 -0.701024
499.pcd 42.1991 -12.5589 -0.665817 0.709667 -0.0120868 -0.0168057 -0.704233
500.pcd 42.196 -13.0991 -0.653902 0.708593 -0.0160541 -0.0191579 -0.705175
501.pcd 42.1912 -13.6161 -0.649526 0.706619 -0.0175328 -0.0174306 -0.707162
502.pcd 42.1823 -14.12 -0.643588 0.705886 -0.0178482 -0.0182058 -0.707866
503.pcd 42.1792 -14.6442 -0.635695 0.710387 -0.0189071 -0.0186628 -0.703309
504.pcd 42.1889 -15.1903 -0.635413 0.715237 -0.0156633 -0.0184607 -0.698462
505.pcd 42.2057 -15.7359 -0.622491 0.716681 -0.0155954 -0.0154923 -0.697055
506.pcd 42.2265 -16.3038 -0.62164 0.716252 -0.0153191 -0.0176295 -0.697451
507.pcd 42.2346 -16.8565 -0.615545 0.715866 -0.0147439 -0.0194274 -0.697812
508.pcd 42.2458 -17.367 -0.606254 0.714075 -0.0130876 -0.0188377 -0.699694
509.pcd 42.2486 -17.9469 -0.608544 0.712374 -0.0146866 -0.0179372 -0.701417
510.pcd 42.2595 -18.5258 -0.595621 0.717033 -0.0179713 -0.0189847 -0.696548
511.pcd 42.2761 -19.0303 -0.588296 0.720755 -0.0181281 -0.0175553 -0.692731
512.pcd 42.2985 -19.5504 -0.574162 0.721862 -0.0166157 -0.014807 -0.69168
513.pcd 42.313 -20.1015 -0.582474 0.724555 -0.0164438 -0.015984 -0.688836
514.pcd 42.3436 -20.6407 -0.577799 0.723601 -0.0165438 -0.0169847 -0.689811
515.pcd 42.3678 -21.1924 -0.565263 0.724148 -0.0189029 -0.0181936 -0.689146
516.pcd 42.4024 -21.8336 -0.551222 0.725141 -0.0214218 -0.0171791 -0.688053
517.pcd 42.4252 -22.4212 -0.566649 0.723952 -0.0194182 -0.0154446 -0.689404
518.pcd 42.4415 -22.9545 -0.558851 0.724211 -0.0189515 -0.0150414 -0.689154
519.pcd 42.4837 -23.462 -0.535623 0.723012 -0.017564 -0.0139194 -0.690471
520.pcd 42.4985 -23.9676 -0.543569 0.722467 -0.019974 -0.0140276 -0.690974
521.pcd 42.5128 -24.5115 -0.53083 0.72108 -0.020121 -0.0133903 -0.69243
522.pcd 42.5356 -25.0159 -0.522496 0.717639 -0.0233088 -0.01586 -0.695845
523.pcd 42.5339 -25.5567 -0.504362 0.714929 -0.0212636 -0.0127832 -0.698756
524.pcd 42.5567 -26.0746 -0.499176 0.71189 -0.0222037 -0.0134694 -0.701811
525.pcd 42.567 -26.5768 -0.485493 0.706655 -0.0210921 -0.0119457 -0.707143
526.pcd 42.5799 -27.1227 -0.47078 0.707694 -0.0196431 -0.00963204 -0.706181
527.pcd 42.5591 -27.7009 -0.473873 0.705945 -0.0219546 -0.0128711 -0.707809
528.pcd 42.5125 -27.7626 -0.469757 0.638923 -0.024405 -0.0113192 -0.7688
529.pcd 42.4683 -27.7475 -0.465583 0.563858 -0.0264815 -0.0113772 -0.825369
530.pcd 42.4208 -27.755 -0.463777 -0.480297 0.0278537 0.0109145 0.876596
531.pcd 42.3717 -27.7362 -0.463922 -0.385544 0.0272289 0.010592 0.922227
532.pcd 42.3257 -27.7182 -0.462461 -0.301263 0.0270583 0.0109788 0.953094
533.pcd 42.2766 -27.6788 -0.462489 -0.209857 0.027006 0.0103952 0.977304
534.pcd 42.2426 -27.6132 -0.458906 -0.0994793 0.0274143 0.0101903 0.99461
535.pcd 41.7014 -27.6377 -0.445798 -0.0385366 0.0293648 0.0121624 0.998752
536.pcd 41.1588 -27.672 -0.430276 -0.0352836 0.0318027 0.0128403 0.998789
537.pcd 40.6319 -27.7062 -0.416953 -0.0292183 0.0329219 0.0127815 0.998949
538.pcd 40.1046 -27.7288 -0.402512 -0.0161022 0.03403 0.0120187 0.999219
539.pcd 39.5832 -27.7311 -0.384343 -0.00770526 0.0336289 0.0113707 0.99934
540.pcd 39.0484 -27.7428 -0.376083 0.000308131 0.0333029 0.0127103 0.999364
541.pcd 38.5403 -27.7312 -0.362218 0.00433009 0.0318275 0.0127513 0.999403
542.pcd 38.4871 -27.7757 -0.359288 -0.0834168 0.0302659 0.00598819 0.996037
543.pcd 38.5031 -27.8337 -0.361291 -0.18601 0.0307503 0.00821448 0.982032
544.pcd 38.5488 -27.8843 -0.358485 -0.292392 0.0312477 0.00689717 0.955763
545.pcd 38.6069 -27.9315 -0.362745 -0.39638 0.0305955 0.00676949 0.917552
546.pcd 38.6767 -27.9794 -0.362136 0.517901 -0.0299891 -0.00634076 -0.854891
547.pcd 38.7216 -28.0033 -0.361376 0.607851 -0.028992 -0.00614808 -0.793498
548.pcd 38.7543 -28.0812 -0.364786 0.680679 -0.0288857 -0.00535231 -0.731993
549.pcd 38.6951 -28.5785 -0.359766 0.615128 -0.0272108 -0.0126626 -0.787856
550.pcd 38.6626 -28.638 -0.358657 0.543264 -0.0271737 -0.0118117 -0.839039
551.pcd 38.6133 -28.6243 -0.352022 -0.446591 0.0277518 0.0127125 0.894217
552.pcd 38.5458 -28.5557 -0.356816 -0.348851 0.0295217 0.013259 0.936619
553.pcd 38.5054 -28.5221 -0.350864 -0.243034 0.0302043 0.012313 0.969469
554.pcd 38.4684 -28.4783 -0.352708 -0.135409 0.0306539 0.012419 0.990238
555.pcd 38.4396 -28.4305 -0.355721 -0.0293859 0.0303816 0.0120148 0.999034
556.pcd 37.8486 -28.389 -0.340263 0.000700079 0.0297483 0.0144634 0.999453
557.pcd 37.3085 -28.3915 -0.32771 0.00356026 0.0311164 0.0136224 0.999417
558.pcd 36.6868 -28.4019 -0.297439 -0.0146164 0.0321221 0.012914 0.999294
559.pcd 36.0938 -28.4256 -0.274267 -0.0271476 0.0320479 0.0111052 0.999056
560.pcd 35.5931 -28.4422 -0.25614 -0.0272181 0.0310038 0.0107222 0.999091
561.pcd 35.0847 -28.4716 -0.240152 -0.0233478 0.0303537 0.0115553 0.9992
562.pcd 34.5842 -28.4806 -0.226964 -0.0204116 0.0316315 0.0117142 0.999222
563.pcd 34.0258 -28.4929 -0.215494 -0.0180563 0.0298144 0.0119416 0.999321
564.pcd 33.5158 -28.5094 -0.203488 -0.0140796 0.0304897 0.0117952 0.999366
565.pcd 33.01 -28.5244 -0.192476 -0.0112916 0.0305436 0.0117644 0.9994
566.pcd 32.4603 -28.5261 -0.181291 -0.00846063 0.0301606 0.0111463 0.999447
567.pcd 31.9462 -28.536 -0.174812 -0.00484394 0.0313081 0.0113463 0.999434
568.pcd 31.44 -28.5352 -0.159636 -0.00240842 0.0334753 0.0116348 0.999369
569.pcd 30.9305 -28.5295 -0.144038 0.000199951 0.0332093 0.0110396 0.999387
570.pcd 30.4235 -28.5253 -0.122567 0.002751 0.0319919 0.0119716 0.999413
571.pcd 29.9095 -28.5148 -0.107612 0.00499545 0.0304984 0.0110628 0.999461
572.pcd 29.5212 -28.5544 -0.085341 -0.104653 0.0275134 0.00573722 0.994112
573.pcd 29.5626 -28.618 -0.0902699 -0.238178 0.0282014 0.00596066 0.970794
574.pcd 29.6075 -28.6836 -0.0893334 -0.367186 0.0286659 0.0065198 0.929683
575.pcd 29.6436 -28.725 -0.092232 -0.46769 0.0274779 0.00734126 0.883435
576.pcd 29.704 -28.7544 -0.0920779 0.586113 -0.0254226 -0.006161 -0.809807
577.pcd 29.7605 -28.7691 -0.0915733 0.670226 -0.0239896 -0.00520449 -0.741751
578.pcd 29.7966 -29.3722 -0.0880546 0.702801 -0.0238133 -0.0109373 -0.710904
579.pcd 29.7803 -29.9067 -0.0770248 0.691212 -0.024879 -0.0122827 -0.722119
580.pcd 29.7189 -30.0493 -0.0758235 0.615515 -0.0276838 -0.012674 -0.787537
581.pcd 29.6842 -30.0302 -0.0717027 0.522533 -0.0293921 -0.0121485 -0.852026
582.pcd 29.6307 -29.9861 -0.0750906 -0.417747 0.0287363 0.0119373 0.908031
583.pcd 29.5849 -29.9555 -0.0725015 -0.336168 0.0285745 0.0129269 0.94128
584.pcd 29.5326 -29.9008 -0.0766051 -0.219068 0.0293026 0.0116604 0.9752
585.pcd 29.4912 -29.8531 -0.0739234 -0.128306 0.0299932 0.0121645 0.991206
586.pcd 29.4503 -29.8044 -0.0692327 -0.0301457 0.0290513 0.011508 0.999057
587.pcd 28.9142 -29.8006 -0.0545935 -0.0119907 0.029984 0.01483 0.999368
588.pcd 28.3762 -29.7998 -0.0383447 -0.0157058 0.0308288 0.0142449 0.9993
589.pcd 27.8251 -29.8207 -0.0236969 -0.018881 0.0312129 0.0140623 0.999235
590.pcd 27.3185 -29.8405 -0.00772624 -0.0176675 0.0309432 0.0142681 0.999263
591.pcd 26.8112 -29.8561 -0.00626122 -0.015602 0.0303659 0.0136499 0.999324
592.pcd 26.2531 -29.8666 0.00458232 -0.0163366 0.0293974 0.0147346 0.999326
593.pcd 25.7423 -29.8846 0.0126668 -0.0169243 0.0294287 0.0147958 0.999314
594.pcd 25.2079 -29.8988 0.0245572 -0.0162877 0.0297302 0.0146476 0.999318
595.pcd 24.6923 -29.9107 0.0365971 -0.013945 0.0300885 0.0143047 0.999348
596.pcd 24.4445 -29.8805 0.0532927 0.0769179 0.0285495 0.0109446 0.996569
597.pcd 24.4547 -29.8235 0.0427182 0.19749 0.0260423 0.0103704 0.979904
598.pcd 24.4875 -29.7651 0.0402198 0.304186 0.0251173 0.00931895 0.952236
599.pcd 24.5442 -29.6981 0.0440681 0.398705 0.0240441 0.0104607 0.916704
600.pcd 24.6178 -29.6648 0.0366094 0.480409 0.0234657 0.00843675 0.87669
601.pcd 24.6793 -29.6371 0.0351535 0.559469 0.0213123 0.00690377 0.828549
602.pcd 24.7262 -29.614 0.0296652 0.646201 0.0208314 0.00424048 0.762871
603.pcd 24.7983 -29.0182 0.0307639 0.69506 0.0224691 0.00164097 0.718599
604.pcd 24.8026 -28.4575 0.0195344 0.697874 0.0184089 0.00503925 0.715966
605.pcd 24.7999 -27.9145 0.00906315 0.700159 0.0188 0.00496854 0.713722
606.pcd 24.7327 -27.593 0.0181044 0.593855 0.0182647 0.00274476 0.80436
607.pcd 24.6539 -27.6267 0.00909514 0.501805 0.0194651 0.00675584 0.864735
608.pcd 24.5862 -27.6647 0.0158182 0.401519 0.0216057 0.00678126 0.915571
609.pcd 24.4974 -27.717 0.0132854 0.295755 0.0227891 0.00777906 0.95496
610.pcd 24.4257 -27.7788 0.0214724 0.188928 0.0247329 0.00892225 0.981639
611.pcd 24.4204 -27.8341 0.0167105 0.0800986 0.0266651 0.00818379 0.996397
612.pcd 24.4542 -27.8897 0.0119258 -0.0304338 0.0285581 0.010189 0.999077
613.pcd 23.9286 -27.9346 0.0276648 -0.0330297 0.0299826 0.0136382 0.998911
614.pcd 23.3849 -27.9629 0.0417492 -0.0316493 0.0275359 0.0137405 0.999025
615.pcd 22.8806 -27.992 0.0519373 -0.0298607 0.0273129 0.0157126 0.999057
616.pcd 22.3732 -28.0148 0.0748307 -0.0268434 0.0272267 0.0156564 0.999146
617.pcd 21.8715 -28.0333 0.094374 -0.0235455 0.0274036 0.0142702 0.999245
618.pcd 21.3523 -28.0532 0.111338 -0.0200481 0.0280581 0.0135797 0.999313
619.pcd 20.8419 -28.0691 0.123388 -0.0171118 0.0285256 0.0130675 0.999361
620.pcd 20.3367 -28.086 0.131869 -0.0188083 0.0276263 0.0147069 0.999333
621.pcd 19.8143 -28.1122 0.140554 -0.0313239 0.0289244 0.0133945 0.999001
622.pcd 19.3149 -28.1521 0.149139 -0.0430755 0.0283301 0.014996 0.998557
623.pcd 18.7565 -28.2019 0.162522 -0.0471745 0.0286058 0.0140034 0.998379
624.pcd 18.2561 -28.2444 0.166735 -0.042481 0.0285068 0.0162176 0.998559
625.pcd 17.7238 -28.2618 0.173016 -0.0199987 0.0270772 0.0182484 0.999267
626.pcd 17.388 -28.3182 0.191058 -0.116048 0.026169 0.0120439 0.992826
627.pcd 17.3956 -28.361 0.193129 -0.220311 0.0268344 0.0124863 0.974981
628.pcd 17.4364 -28.4087 0.193612 -0.327228 0.0269238 0.0115949 0.944491
629.pcd 17.5107 -28.4643 0.187448 -0.454958 0.0275831 0.0127987 0.889993
630.pcd 17.5932 -28.5075 0.19217 0.575477 -0.0273327 -0.0117734 -0.817277
631.pcd 17.6506 -28.5135 0.193368 0.663413 -0.0266121 -0.0105076 -0.747706
632.pcd 17.6877 -28.7372 0.190631 0.727252 -0.0262565 -0.00940962 -0.685803
633.pcd 17.6836 -28.8764 0.194074 0.628168 -0.0251862 -0.0155201 -0.777515
634.pcd 17.6588 -28.8512 0.195336 0.540569 -0.0271541 -0.0143144 -0.840739
635.pcd 17.647 -28.8384 0.193578 -0.461373 0.0283674 0.014732 0.88663
636.pcd 17.6187 -28.8027 0.191688 -0.38015 0.0283869 0.0135446 0.92439
637.pcd 17.5799 -28.7638 0.189805 -0.272538 0.0287204 0.0153434 0.961594
638.pcd 17.5342 -28.7168 0.191628 -0.183102 0.0270012 0.0144669 0.982617
639.pcd 17.4766 -28.6709 0.19086 -0.0926036 0.0274478 0.0143119 0.995222
640.pcd 16.9771 -28.6432 0.20729 -0.0142054 0.0275525 0.0162261 0.999388
641.pcd 16.3571 -28.6524 0.222734 -0.00771861 0.0272807 0.0156995 0.999475
642.pcd 15.8266 -28.6579 0.237386 -0.00261549 0.0268473 0.0150855 0.999522
643.pcd 15.3216 -28.6548 0.2502 0.00186941 0.025438 0.0122772 0.999599
644.pcd 14.7869 -28.6403 0.26667 0.00701409 0.026962 0.0106354 0.999555
645.pcd 14.2719 -28.6227 0.276632 0.0105535 0.0269282 0.00963531 0.999535
646.pcd 13.7233 -28.6094 0.29533 0.0145767 0.027447 0.0103471 0.999463
647.pcd 13.179 -28.5911 0.303794 0.0174649 0.0283701 0.00982534 0.999397
648.pcd 12.677 -28.5796 0.311506 0.010446 0.0277014 0.0112215 0.999499
649.pcd 12.0971 -28.5754 0.320237 0.00230936 0.0274474 0.0136148 0.999528
650.pcd 11.5592 -28.5736 0.331262 0.00163552 0.0279026 0.0125155 0.999531
651.pcd 11.0574 -28.5764 0.333478 0.00232941 0.0281942 0.0150607 0.999486
652.pcd 10.5505 -28.5681 0.342884 0.00310786 0.0276053 0.0153603 0.999496
653.pcd 10.014 -28.5644 0.351101 0.00435263 0.027117 0.0158778 0.999497
654.pcd 9.48766 -28.5676 0.359102 -0.00148493 0.0277079 0.0163104 0.999482
655.pcd 8.95869 -28.5707 0.377056 -0.00916479 0.0288717 0.0161744 0.99941
656.pcd 8.4465 -28.5909 0.393242 -0.0205148 0.0287738 0.0156375 0.999253
657.pcd 7.94594 -28.618 0.410191 -0.0283935 0.0278718 0.0146293 0.999101
658.pcd 7.43608 -28.648 0.421596 -0.0289511 0.0282929 0.013732 0.999086
659.pcd 6.92792 -28.6708 0.442994 -0.0305569 0.0275104 0.0127519 0.999073
660.pcd 6.4113 -28.702 0.455603 -0.0330207 0.0268734 0.0128141 0.999011
661.pcd 5.90506 -28.7327 0.465272 -0.031718 0.0271831 0.0133878 0.999037
662.pcd 5.402 -28.7583 0.474008 -0.0297319 0.0273761 0.0144736 0.999078
663.pcd 4.90186 -28.7807 0.483967 -0.0275771 0.0273421 0.0143596 0.999142
664.pcd 4.30111 -28.8068 0.493946 -0.0247427 0.0269874 0.0140477 0.999231
665.pcd 3.73749 -28.8279 0.505008 -0.0206575 0.0269355 0.0135453 0.999332
666.pcd 3.23411 -28.8384 0.51365 -0.0142238 0.0269538 0.0135326 0.999444
667.pcd 2.68937 -28.8454 0.522697 -0.0106263 0.0267646 0.0135843 0.999493
668.pcd 2.17854 -28.8522 0.535113 -0.00683437 0.0269019 0.0140458 0.999516
669.pcd 1.58185 -28.8566 0.547628 -0.00337835 0.0258362 0.0139284 0.999563
670.pcd 1.31146 -28.8114 0.558184 0.0926566 0.025272 0.0115522 0.99531
671.pcd 1.32082 -28.7691 0.555452 0.18207 0.0233074 0.00939982 0.982964
672.pcd 1.33607 -28.7269 0.556145 0.275082 0.0227641 0.00859798 0.961113
673.pcd 1.362 -28.6783 0.550303 0.370158 0.0207254 0.0076734 0.928706
674.pcd 1.40283 -28.6311 0.549297 0.472728 0.0193638 0.00737563 0.880965
675.pcd 1.44382 -28.5906 0.547499 0.566583 0.0169196 0.00538886 0.823813
676.pcd 1.49191 -28.5811 0.544568 0.657627 0.0140856 0.00361019 0.753203
677.pcd 1.46994 -28.0589 0.535081 0.685535 0.0160499 0.0012802 0.727861
678.pcd 1.47466 -27.5077 0.523185 0.711988 0.011716 0.00519884 0.702075
679.pcd 1.49165 -26.997 0.510779 0.719633 0.0150665 0.00428491 0.694178
680.pcd 1.50208 -26.4535 0.502206 0.719557 0.0152973 0.00149196 0.694264
681.pcd 1.51692 -25.9465 0.495421 0.715876 0.0159376 0.0013575 0.698044
682.pcd 1.53372 -25.4219 0.490117 0.719886 0.0174122 0.00187032 0.693871
683.pcd 1.55275 -24.8927 0.483505 0.723906 0.0182617 0.000470661 0.689656
684.pcd 1.58568 -24.3505 0.481831 0.726215 0.0167192 0.00266152 0.687259
685.pcd 1.61571 -23.8356 0.47271 0.728686 0.015499 0.00380571 0.684662
686.pcd 1.6472 -23.2943 0.468737 0.729352 0.0167902 0.00392716 0.683921
687.pcd 1.67839 -22.787 0.461364 0.728498 0.0180487 0.00279546 0.684804
688.pcd 1.70097 -22.2372 0.453051 0.71893 0.018307 0.00349611 0.694832
689.pcd 1.7059 -21.7278 0.441559 0.708675 0.0188855 0.00432488 0.705269
690.pcd 1.68544 -21.2019 0.434966 0.693137 0.0191203 0.00514825 0.720534
691.pcd 1.65645 -20.6541 0.428435 0.685748 0.020565 0.00398266 0.727538
692.pcd 1.62807 -20.1448 0.414134 0.687415 0.0177952 0.00710834 0.726012
693.pcd 1.60596 -19.5959 0.402822 0.693791 0.0187311 0.00687423 0.7199
694.pcd 1.59231 -19.0846 0.394467 0.698924 0.0188027 0.0072957 0.714912
695.pcd 1.58558 -18.5737 0.381957 0.702907 0.0163079 0.00909677 0.711037
696.pcd 1.58406 -18.0697 0.368646 0.706138 0.015341 0.00937625 0.707846
697.pcd 1.58396 -17.5501 0.359679 0.708008 0.0150727 0.00944555 0.70598
698.pcd 1.58656 -17.0474 0.35011 0.710653 0.0154932 0.00881274 0.703317
699.pcd 1.59533 -16.5319 0.338738 0.712708 0.0164348 0.00708145 0.701232
700.pcd 1.60495 -16.0234 0.330717 0.714946 0.01837 0.00535288 0.698917
701.pcd 1.61872 -15.5144 0.319215 0.717021 0.0148452 0.00911467 0.696834
702.pcd 1.62628 -14.9677 0.306576 0.70909 0.0166985 0.0092427 0.704859
703.pcd 1.62294 -14.4672 0.30169 0.70613 0.0194143 0.00796953 0.707771
704.pcd 1.62343 -13.9631 0.293138 0.70566 0.0189965 0.00875971 0.708241
705.pcd 1.62248 -13.4481 0.284207 0.706865 0.0188162 0.00940043 0.707036
706.pcd 1.62729 -12.9135 0.27814 0.708395 0.0191745 0.00906536 0.705498
707.pcd 1.62798 -12.3915 0.266433 0.70703 0.0178547 0.00909432 0.706899
708.pcd 1.62881 -11.891 0.256341 0.706885 0.0178227 0.0096986 0.707037
709.pcd 1.63345 -11.3844 0.242626 0.706778 0.0172087 0.00963062 0.707161
710.pcd 1.63568 -10.8464 0.232211 0.707717 0.0177252 0.0081547 0.706227
711.pcd 1.64089 -10.3225 0.218352 0.709479 0.0174975 0.00812045 0.704463
712.pcd 1.6493 -9.76496 0.208826 0.711126 0.0177722 0.00944478 0.702777
713.pcd 1.65957 -9.25738 0.197728 0.71289 0.0183066 0.00824131 0.700989
714.pcd 1.66789 -8.71243 0.185683 0.709566 0.0170945 0.0102544 0.704357
715.pcd 1.66742 -8.20201 0.171185 0.708148 0.0154018 0.0123671 0.705787
716.pcd 1.67199 -7.69625 0.158914 0.708023 0.0169373 0.0117213 0.705889
717.pcd 1.67072 -7.19414 0.14729 0.704047 0.0190677 0.00984222 0.709829
718.pcd 1.66681 -6.69309 0.139361 0.702225 0.0197163 0.0109336 0.711598
719.pcd 1.66075 -6.18553 0.12776 0.703148 0.0181412 0.0108261 0.710729
720.pcd 1.65914 -5.67084 0.111782 0.704355 0.0161613 0.0116304 0.709568
721.pcd 1.65649 -5.12198 0.104283 0.706086 0.0201019 0.00711513 0.707805
722.pcd 1.66092 -4.61481 0.0959679 0.70799 0.0200541 0.0060944 0.705911
723.pcd 1.66401 -4.11401 0.0852196 0.70992 0.0167807 0.00879751 0.704027
724.pcd 1.67207 -3.61285 0.0744374 0.711953 0.0148189 0.00965868 0.702005
725.pcd 1.68177 -3.10155 0.0598403 0.713761 0.0140834 0.0104411 0.70017
726.pcd 1.69735 -2.55295 0.0465429 0.715682 0.0157719 0.00915334 0.698188
727.pcd 1.71211 -2.04736 0.0311521 0.717193 0.0140344 0.010254 0.696658
728.pcd 1.73234 -1.53591 0.0117767 0.71918 0.0103235 0.0144885 0.694597
729.pcd 1.75115 -0.999307 -0.00579762 0.720561 0.0138113 0.0118427 0.693153
730.pcd 1.70609 -0.848298 -0.00924995 0.65319 0.0103597 0.0098905 0.757059
731.pcd 1.65695 -0.861562 -0.00498938 0.572115 0.0133713 0.0112844 0.819987
732.pcd 1.6183 -0.892674 -0.00200031 0.477951 0.0168308 0.0129811 0.878129
733.pcd 1.58316 -0.935961 -0.000363727 0.378751 0.0193682 0.013333 0.9252
734.pcd 1.56372 -0.981086 0.00114457 0.273782 0.0218418 0.0147634 0.96143
735.pcd 1.53685 -1.03914 0.00282068 0.163616 0.0244033 0.0155611 0.9861
736.pcd 1.53467 -1.09583 0.00428739 0.0599337 0.0251388 0.0158531 0.99776
737.pcd 1.03063 -1.1251 0.0164864 -0.00673206 0.0269263 0.0174108 0.999463
738.pcd 0.479671 -1.12562 0.0259515 -0.00982735 0.0256312 0.0179052 0.999463
739.pcd -0.0269602 -1.13225 0.0368211 -0.0101716 0.0257294 0.0182088 0.999451
740.pcd -0.531478 -1.14294 0.047296 -0.0126935 0.0241249 0.0185037 0.999457
741.pcd -1.03513 -1.14793 0.0602832 -0.0129403 0.0242799 0.0204039 0.999413
742.pcd -1.54092 -1.15676 0.075946 -0.010442 0.0247852 0.0220864 0.999394
743.pcd -2.04515 -1.16146 0.0900053 -0.00703936 0.0247557 0.0226939 0.999411
744.pcd -2.54667 -1.16241 0.101498 -0.00413117 0.0255956 0.0229807 0.9994
745.pcd -2.8908 -1.11257 0.107997 0.0937994 0.0240914 0.0235371 0.995021
746.pcd -2.92637 -1.06061 0.102983 0.195992 0.0210561 0.0202566 0.98017
747.pcd -2.94218 -1.02133 0.0955123 0.299646 0.0183898 0.0161903 0.953736
748.pcd -2.94962 -0.981567 0.0916828 0.382525 0.0177681 0.0150751 0.923651
749.pcd -2.94818 -0.93457 0.0883766 0.4631 0.0163486 0.0142286 0.886041
750.pcd -2.93406 -0.871177 0.0828206 0.546552 0.0147618 0.0116108 0.837214
751.pcd -2.92181 -0.812681 0.0788829 0.621456 0.0121282 0.00940478 0.783299
752.pcd -2.9178 -0.310499 0.0654199 0.686145 0.0157554 0.00842764 0.727245
753.pcd -2.94854 0.235193 0.0598346 0.684386 0.0185989 0.0030833 0.728876
754.pcd -2.98644 0.737444 0.0596852 0.680651 0.0198362 0.00243623 0.732335
755.pcd -3.00992 1.23812 0.0557811 0.681276 0.0214345 0.00178419 0.731711
756.pcd -2.9982 1.64718 0.050732 0.742905 0.0168234 0.00278819 0.669179
757.pcd -2.94802 1.64405 0.0544577 0.802888 0.0152365 0.000566679 0.595935
758.pcd -2.89766 1.63508 0.0526548 0.85691 0.0126859 -0.000804901 0.51531
759.pcd -2.84948 1.61764 0.0540849 0.90323 0.0116732 -0.0022654 0.428993
760.pcd -2.80422 1.58723 0.0531671 0.940776 0.00893315 -0.00405966 0.338886
761.pcd -2.76238 1.5506 0.0529745 0.969814 0.00605565 -0.00487052 0.243721
762.pcd -2.72642 1.50313 0.0579966 0.989238 0.00467617 -0.00562792 0.146129
763.pcd -2.70131 1.45497 0.0618655 0.99961 0.00134086 -0.00626471 0.0271912
764.pcd -2.17952 1.43264 0.0391598 0.999954 0.000594512 -0.00639577 0.00705508
765.pcd -1.64517 1.44934 0.0279562 0.99981 0.000907059 -0.00621739 0.0184322
766.pcd -1.1055 1.46704 0.0107962 0.999748 0.000607291 -0.00471056 0.0219505
767.pcd -0.555639 1.48455 -0.00527772 0.999761 -0.000898881 -0.00448146 0.0213601
768.pcd -0.0775031 1.43469 -0.0201561 0.996641 -0.00670518 -0.00528176 -0.0814435
769.pcd -0.0772 1.38621 -0.0208991 0.983815 -0.010349 -0.00641969 -0.178774
770.pcd -0.0855602 1.32286 -0.0218276 0.959468 -0.0128248 -0.00825259 -0.281404
771.pcd -0.10606 1.2787 -0.0217854 0.925022 -0.014483 -0.00951484 -0.379519
772.pcd -0.142028 1.2384 -0.022869 0.879642 -0.0164313 -0.0112709 -0.475218
773.pcd -0.186552 1.19382 -0.0198689 0.824589 -0.0188597 -0.0110702 -0.56531
774.pcd -0.23509 1.16519 -0.0141374 0.762272 -0.0207081 -0.010634 -0.646838
775.pcd -0.244993 0.664098 -0.0111348 0.718011 -0.0196615 -0.012832 -0.695635
776.pcd -0.240946 0.161599 0.000509752 0.713945 -0.020921 -0.0148721 -0.699731
777.pcd -0.196484 -0.0673267 0.00378551 0.775055 -0.0226208 -0.0104325 -0.631402
778.pcd -0.156368 -0.0536544 0.00144624 0.838094 -0.021959 -0.0101029 -0.54499
779.pcd -0.11188 -0.0259989 0.00305478 0.893911 -0.0203501 -0.00839199 -0.447703
780.pcd -0.0788727 0.0105547 0.00392839 0.938093 -0.0182468 -0.00797413 -0.345811
781.pcd -0.0517128 0.0517598 0.00509281 0.970659 -0.0153693 -0.0077306 -0.239845
782.pcd -0.0194092 0.108349 0.00282544 0.991483 -0.0132833 -0.00712705 -0.129359
783.pcd -0.0186384 0.152361 0.000362877 0.999632 -0.0104447 -0.00606547 -0.0242857
