0.pcd 5.70253e-06 -1.77849e-06 0.000560579 0.999913 0.00366682 -0.0126868 1.30272e-05
1.pcd 0.517891 -0.00238458 -0.00169061 0.999905 0.00420656 -0.0131057 -0.000316665
2.pcd 1.03026 -0.00765411 -0.0026124 0.999871 0.0055748 -0.0149457 -0.00186325
3.pcd 1.53976 -0.0156527 -0.00741819 0.999853 0.00764821 -0.0146037 -0.0046405
4.pcd 2.05932 -0.0256704 -0.0145735 0.999873 0.00798016 -0.0116677 -0.00742388
5.pcd 2.11291 -0.0725057 -0.013974 0.995474 0.00430901 -0.00900381 -0.0945084
6.pcd 2.11409 -0.125498 -0.0140577 0.981825 0.00268366 -0.0100392 -0.189502
7.pcd 2.09768 -0.153888 -0.0118306 0.959314 0.00028416 -0.00919277 -0.282192
8.pcd 2.07252 -0.178671 -0.00973502 0.926927 -0.00252115 -0.00863108 -0.375134
9.pcd 2.04106 -0.214964 -0.00903235 0.884779 -0.00410146 -0.0103588 -0.465879
10.pcd 2.006 -0.237123 -0.00694469 0.8334 -0.00653433 -0.00953799 -0.55255
11.pcd 1.96027 -0.26156 -0.0070224 0.778316 -0.00876988 -0.0087712 -0.62775
12.pcd 2.0542 -0.763988 -0.0098814 0.771236 -0.0112521 -0.0126238 -0.636325
13.pcd 2.0788 -1.28077 -0.012511 0.7266 -0.0100912 -0.0112447 -0.686894
14.pcd 2.09641 -1.81011 -0.0132329 0.723057 -0.0135558 -0.0111177 -0.690566
15.pcd 2.11911 -2.31894 -0.0164809 0.720315 -0.0141708 -0.00820439 -0.693454
16.pcd 2.13909 -2.8449 -0.0194837 0.71828 -0.0137506 -0.00768382 -0.695576
17.pcd 2.15171 -3.353 -0.0183651 0.716231 -0.0156773 -0.0107073 -0.697605
18.pcd 2.16176 -3.85462 -0.0179547 0.714439 -0.0132618 -0.0116452 -0.699476
19.pcd 2.16457 -4.35777 -0.0071901 0.712267 -0.0208203 -0.0226854 -0.701233
20.pcd 2.17361 -4.87149 -0.00723652 0.710027 -0.00854096 -0.0124936 -0.704011
21.pcd 2.16771 -5.38446 -0.0102237 0.707646 -0.00944027 -0.0101268 -0.706431
22.pcd 2.16856 -5.91043 -0.00644244 0.70565 -0.00813244 -0.00837573 -0.708464
23.pcd 2.16038 -6.4416 -0.0148356 0.703743 -0.0105401 -0.0129085 -0.710259
24.pcd 2.15129 -6.96866 -0.00693139 0.701463 -0.00890547 -0.0118776 -0.712551
25.pcd 2.15259 -7.47029 -0.0273006 0.699716 -0.00251347 -0.00678068 -0.714385
26.pcd 2.13236 -7.97901 -0.0153169 0.697184 -0.0106338 -0.0122343 -0.716709
27.pcd 2.11049 -8.50554 -0.0191737 0.695611 -0.00986191 -0.0114342 -0.71826
28.pcd 2.09296 -9.03343 -0.0223565 0.69324 -0.0110669 -0.0116142 -0.720528
29.pcd 2.14772 -9.2479 -0.0180544 0.758364 -0.0176682 -0.0101347 -0.651513
30.pcd 2.21167 -9.24076 -0.020934 0.818521 -0.0172192 -0.0107307 -0.574118
31.pcd 2.25653 -9.21829 -0.0216049 0.866048 -0.0161062 -0.0115307 -0.499568
32.pcd 2.30023 -9.19178 -0.0198056 0.91205 -0.0145256 -0.0115684 -0.409658
33.pcd 2.34741 -9.15616 -0.0208708 0.946363 -0.0120238 -0.0115916 -0.322673
34.pcd 2.37048 -9.11902 -0.0238353 0.974172 -0.00886066 -0.0120523 -0.225309
35.pcd 2.3912 -9.07607 -0.0281632 0.990503 -0.00778018 -0.0141157 -0.136545
36.pcd 2.41398 -9.01659 -0.0236234 0.998988 -0.00460773 -0.0130222 -0.0428047
37.pcd 2.92519 -9.04909 -0.0288315 0.999285 -0.00262794 -0.0201086 -0.0319027
38.pcd 3.4499 -9.04537 -0.0361945 0.999881 0.00200273 -0.0150116 0.003075
39.pcd 3.97082 -9.03161 -0.0358883 0.999773 0.00116226 -0.0175878 0.011969
40.pcd 4.47164 -9.02189 -0.0403064 0.999842 0.00365628 -0.0150074 0.00877173
41.pcd 4.9764 -9.04276 -0.0446939 0.999663 0.00418984 -0.015701 -0.0202442
42.pcd 5.50176 -9.07131 -0.043072 0.999443 0.00331174 -0.0159589 -0.0291051
43.pcd 6.01894 -9.10716 -0.0524497 0.999424 0.0012377 -0.0139646 -0.0309059
44.pcd 6.52041 -9.14076 -0.0614193 0.999412 0.00233485 -0.00997029 -0.0327088
45.pcd 7.0441 -9.16922 -0.0592765 0.999539 0.00291285 -0.0211915 -0.02156
46.pcd 7.55056 -9.17684 -0.0577033 0.999769 0.00292545 -0.0178318 -0.0115943
47.pcd 8.05181 -9.18905 -0.0635662 0.999797 0.00396389 -0.0179157 -0.00831044
48.pcd 8.57596 -9.19654 -0.0610175 0.99979 0.00544129 -0.0179143 -0.00831671
49.pcd 9.08877 -9.19888 -0.0563867 0.999825 0.00419162 -0.0181213 -0.00198347
50.pcd 9.61728 -9.20313 -0.0650616 0.99984 0.00474962 -0.017147 -0.00201662
51.pcd 10.1401 -9.21203 -0.0602741 0.999833 0.00583937 -0.016891 -0.00376286
52.pcd 10.648 -9.2141 -0.0633813 0.999828 0.00540615 -0.0165014 -0.00657456
53.pcd 11.1512 -9.22829 -0.0569982 0.999779 0.00488162 -0.0183457 -0.00906517
54.pcd 11.655 -9.23997 -0.0662308 0.999757 0.0059581 -0.0178376 -0.0115367
55.pcd 12.1845 -9.25749 -0.0642456 0.999744 0.00470426 -0.0162875 -0.014993
56.pcd 12.711 -9.2769 -0.0798956 0.999751 0.0017444 -0.013098 -0.0179547
57.pcd 13.2407 -9.29984 -0.0808805 0.999683 0.000744016 -0.0145234 -0.0205402
58.pcd 13.7621 -9.32502 -0.0766255 0.999704 0.00159732 -0.0137707 -0.0199955
59.pcd 14.263 -9.34079 -0.0801129 0.999764 0.00286096 -0.0156045 -0.0148192
60.pcd 14.7871 -9.3515 -0.0727833 0.99976 0.0070249 -0.0199394 -0.00572544
61.pcd 15.3083 -9.35902 -0.0989799 0.999855 0.00791182 -0.01476 -0.00310186
62.pcd 15.8247 -9.36371 -0.133079 0.999857 0.00740274 -0.0151129 -0.00157864
63.pcd 16.3769 -9.34574 -0.115241 0.99985 0.00888584 -0.0124247 0.00813787
64.pcd 16.9306 -9.34307 -0.085889 0.999858 0.01104 -0.00871624 0.00930896
65.pcd 17.4314 -9.32952 -0.123472 0.999874 0.0116197 -0.010675 0.00196969
66.pcd 17.9305 -9.33247 -0.168403 0.999874 0.0115282 -0.0105553 -0.00273932
67.pcd 18.4523 -9.3283 -0.145044 0.999834 0.00981299 -0.0128751 -0.00832086
68.pcd 18.9829 -9.33606 -0.158506 0.999797 0.00927537 -0.0131392 -0.0121129
69.pcd 19.4935 -9.34463 -0.128333 0.99978 0.00908891 -0.0120363 -0.014606
70.pcd 20.0291 -9.36858 -0.173517 0.999721 0.01092 -0.0109352 -0.0178764
71.pcd 20.551 -9.38426 -0.181102 0.999701 0.00991084 -0.00988713 -0.0200288
72.pcd 21.0514 -9.42446 -0.178942 0.999688 0.00853009 -0.00745153 -0.02228
73.pcd 21.5818 -9.46284 -0.197077 0.999596 0.00796272 -0.0109802 -0.024958
74.pcd 22.1119 -9.49746 -0.207215 0.999512 0.00964755 -0.0125427 -0.0269223
75.pcd 22.6245 -9.52722 -0.219998 0.999498 0.00816513 -0.00711177 -0.0297601
76.pcd 23.1472 -9.55671 -0.22293 0.999407 0.00451436 -0.0093939 -0.0328054
77.pcd 23.6746 -9.59992 -0.244963 0.999313 0.0054559 -0.0106772 -0.0350654
78.pcd 24.1809 -9.63459 -0.246681 0.999467 0.00741226 -0.00997552 -0.0301733
79.pcd 24.6942 -9.61901 -0.255886 0.999928 0.00836837 -0.00705227 0.00487336
80.pcd 25.1951 -9.60563 -0.256776 0.999726 0.008218 -0.00941856 0.0197997
81.pcd 25.705 -9.59329 -0.266968 0.999547 0.00935461 -0.0105818 0.0265918
82.pcd 26.2387 -9.56795 -0.299902 0.999511 0.011085 -0.00771749 0.028215
83.pcd 26.7664 -9.53968 -0.304658 0.999518 0.0119832 -0.00914903 0.0271552
84.pcd 27.2946 -9.51674 -0.30091 0.999669 0.0111381 -0.00939862 0.0212012
85.pcd 27.8065 -9.52554 -0.321173 0.999896 0.010262 -0.00793351 -0.00624923
86.pcd 28.3446 -9.54711 -0.320496 0.999732 0.0125513 -0.00706862 -0.0181015
87.pcd 28.8542 -9.57574 -0.327946 0.999517 0.0144373 -0.00764488 -0.0264191
88.pcd 29.3638 -9.61821 -0.354048 0.999327 0.0136502 -0.00483781 -0.0336907
89.pcd 29.8796 -9.65883 -0.378964 0.999118 0.0145098 -0.00465636 -0.0391392
90.pcd 30.3882 -9.70552 -0.370752 0.999416 0.0170662 -0.00695057 -0.0287775
91.pcd 30.897 -9.70121 -0.387439 0.999739 0.0193047 -0.0108272 -0.00559003
92.pcd 31.4383 -9.70409 -0.410007 0.999783 0.0174868 -0.0103393 0.00452035
93.pcd 31.9542 -9.70139 -0.401195 0.999794 0.017125 -0.00878269 0.00644567
94.pcd 32.4843 -9.69293 -0.417594 0.999796 0.0170827 -0.00880508 0.00617673
95.pcd 33.0001 -9.69475 -0.420966 0.999807 0.0176337 -0.00795986 0.00350223
96.pcd 33.5198 -9.69303 -0.43669 0.999835 0.0169268 -0.00653534 0.000499852
97.pcd 34.0436 -9.70392 -0.444647 0.999794 0.0151394 -0.00697997 -0.0115822
98.pcd 34.558 -9.73515 -0.529753 0.999681 0.0159304 -0.00717447 -0.018221
99.pcd 35.0732 -9.73893 -0.449986 0.999781 0.0165069 -0.00735998 -0.0105903
100.pcd 35.582 -9.74646 -0.466403 0.999809 0.016396 -0.00949102 -0.00485449
101.pcd 36.1111 -9.75496 -0.493269 0.999841 0.0158603 -0.00699176 -0.00416077
102.pcd 36.6344 -9.75411 -0.493983 0.999816 0.0159889 -0.00849397 -0.00627403
103.pcd 37.1507 -9.76527 -0.504456 0.999827 0.0135364 -0.0096511 -0.00832202
104.pcd 37.668 -9.79124 -0.514409 0.999727 0.0132087 -0.00830276 -0.0173727
105.pcd 38.2242 -9.81408 -0.524176 0.999696 0.0113804 -0.00766665 -0.0205044
106.pcd 38.7691 -9.82606 -0.540349 0.999849 0.0116875 -0.00708455 -0.0107653
107.pcd 39.2751 -9.8325 -0.548121 0.999907 0.0119877 -0.00542761 -0.00353335
108.pcd 39.8146 -9.84101 -0.556884 0.999908 0.0117541 -0.00631313 -0.00223331
109.pcd 40.3376 -9.84546 -0.566046 0.999886 0.0111444 -0.0075772 -0.00685839
110.pcd 40.8705 -9.86438 -0.573123 0.99976 0.010802 -0.00951022 -0.0165217
111.pcd 41.3864 -9.88 -0.581653 0.999738 0.0107438 -0.0127792 -0.0156645
112.pcd 41.925 -9.90222 -0.595138 0.999789 0.0100205 -0.00730737 -0.0163612
113.pcd 42.4582 -9.91586 -0.617675 0.999886 0.00897315 -0.00849689 -0.00870379
114.pcd 42.9602 -9.91675 -0.613699 0.999901 0.00875612 -0.00934002 -0.00584417
115.pcd 43.4666 -9.9339 -0.645905 0.999896 0.0100583 -0.0079316 -0.00657358
116.pcd 43.9851 -9.93868 -0.640931 0.999886 0.0107802 -0.00626202 -0.008502
117.pcd 44.5082 -9.95493 -0.635409 0.999852 0.0104478 -0.0079555 -0.0111401
118.pcd 45.0362 -9.96532 -0.668698 0.999846 0.00646602 -0.00797691 -0.0142502
119.pcd 45.5494 -9.97992 -0.665222 0.999807 0.00650809 -0.00658658 -0.0173196
120.pcd 46.0833 -10.0027 -0.670533 0.999764 0.00811957 -0.00614516 -0.0191645
121.pcd 46.5872 -10.0282 -0.679624 0.99967 0.00817143 -0.00948028 -0.0224419
122.pcd 47.1152 -10.0596 -0.709957 0.999595 0.00957748 -0.0108238 -0.0244996
123.pcd 47.6276 -10.084 -0.703058 0.999497 0.0115648 -0.0103944 -0.0276576
124.pcd 48.1408 -10.1207 -0.719867 0.999433 0.0110546 -0.00829624 -0.030709
125.pcd 48.6774 -10.1616 -0.743625 0.99933 0.012203 -0.0102624 -0.0329314
126.pcd 49.1771 -10.2008 -0.745328 0.99923 0.00988865 -0.00980901 -0.0366861
127.pcd 49.6862 -10.2326 -0.740827 0.999535 0.0094518 -0.00735081 -0.028051
128.pcd 50.1981 -10.2485 -0.787046 0.999875 0.0103219 -0.00505701 -0.0108456
129.pcd 50.7354 -10.2335 -0.767937 0.999805 0.00975119 -0.0102687 0.0137699
130.pcd 51.2593 -10.2107 -0.781401 0.999619 0.0109624 -0.00557942 0.0247058
131.pcd 51.7892 -10.1855 -0.791174 0.999443 0.0131459 -0.00614438 0.0300549
132.pcd 52.312 -10.1567 -0.805598 0.999651 0.0154709 -0.00553729 0.0206773
133.pcd 52.8171 -10.1821 -0.818623 0.999435 0.0107382 -0.00553221 -0.0313551
134.pcd 53.3487 -10.2353 -0.822093 0.999028 0.0124653 -0.00504418 -0.0419704
135.pcd 53.8795 -10.2732 -0.851405 0.999391 0.0135683 -0.00369054 -0.0319497
136.pcd 54.399 -10.2982 -0.868535 0.999764 0.0129847 -0.00447424 -0.016821
137.pcd 54.9099 -10.3058 -0.868606 0.999871 0.0108261 -0.0057082 -0.0104418
138.pcd 55.4204 -10.3074 -0.865579 0.999855 0.0119427 -0.00784461 -0.00931611
139.pcd 55.9351 -10.3203 -0.880902 0.999833 0.011082 -0.0101695 -0.0103602
140.pcd 56.4476 -10.338 -0.883907 0.999772 0.0121571 -0.0139608 -0.0106597
141.pcd 56.4295 -10.3696 -0.859462 0.994891 0.0108113 -0.0119351 -0.0996627
142.pcd 56.3904 -10.4631 -0.888423 0.98034 0.00860647 -0.0128039 -0.196713
143.pcd 56.4231 -10.4426 -0.896697 0.953995 0.00659979 -0.0120319 -0.299509
144.pcd 56.389 -10.4849 -0.889031 0.923137 0.0010571 -0.0122995 -0.384273
145.pcd 56.3538 -10.513 -0.891983 0.883964 -0.00284399 -0.0135293 -0.46735
146.pcd 56.3168 -10.5245 -0.886624 0.833598 -0.00105137 -0.00755627 -0.552319
147.pcd 56.2824 -10.5357 -0.867666 0.781258 -0.00291257 -0.00588904 -0.624173
148.pcd 56.2395 -10.5583 -0.914206 0.710089 -0.00684212 -0.00698887 -0.704044
149.pcd 56.1833 -11.1005 -0.899003 0.682932 -0.00803103 -0.00726546 -0.730401
150.pcd 56.1452 -11.6148 -0.904883 0.678784 -0.00643769 -0.00790407 -0.734268
151.pcd 56.1359 -12.1172 -0.906734 0.69823 -0.00490535 -0.00683469 -0.715824
152.pcd 56.1174 -12.6207 -0.892728 0.706354 -0.00251724 -0.00944232 -0.707791
153.pcd 56.1252 -13.1323 -0.97215 0.709948 -0.00303442 -0.0158267 -0.704069
154.pcd 56.1112 -13.6398 -0.974347 0.696806 -0.00554735 -0.0167558 -0.717042
155.pcd 56.0757 -14.1401 -0.955616 0.693546 -0.00114524 -0.0124909 -0.720303
156.pcd 56.0577 -14.6463 -0.93947 0.694147 -0.0013333 -0.0136038 -0.719704
157.pcd 56.0396 -15.1746 -0.947285 0.693017 -0.00189661 -0.017251 -0.720713
158.pcd 56.0037 -15.6869 -0.959002 0.69057 -0.00147793 -0.0185176 -0.723027
159.pcd 55.9768 -16.2189 -0.943378 0.687728 -0.00283133 -0.0152821 -0.725802
160.pcd 55.9535 -16.741 -0.979956 0.69263 -0.00573262 -0.0148341 -0.721118
161.pcd 55.9451 -17.27 -0.961241 0.701035 -0.00511041 -0.0151568 -0.712947
162.pcd 55.9393 -17.792 -0.982777 0.708099 -0.0046944 -0.0162584 -0.70591
163.pcd 55.9547 -18.3515 -0.969069 0.710559 -0.00287343 -0.0127893 -0.703516
164.pcd 55.9167 -18.7958 -0.955096 0.646809 -0.00794189 -0.00495648 -0.762595
165.pcd 55.8978 -18.799 -0.944506 0.576276 -0.00939745 -0.00316892 -0.817195
166.pcd 55.8099 -18.8002 -0.971959 0.500674 -0.0122764 -0.00124584 -0.865548
167.pcd 55.7109 -18.8014 -0.96334 -0.406611 0.0171157 0.00204167 0.913439
168.pcd 55.6352 -18.7028 -0.979847 -0.31142 0.0194007 0.0048703 0.950062
169.pcd 55.6432 -18.6953 -0.964272 -0.211171 0.0212073 0.00323018 0.977214
170.pcd 55.6372 -18.6306 -0.955589 -0.116436 0.0248429 0.00417622 0.992879
171.pcd 55.5965 -18.5711 -0.953646 -0.0187566 0.0288998 0.0040882 0.999398
172.pcd 55.0904 -18.5361 -0.957416 0.00902204 0.0298706 0.00692974 0.999489
173.pcd 54.5828 -18.5297 -0.951352 0.00165806 0.0316666 0.0073855 0.99947
174.pcd 54.0743 -18.5281 -0.93591 4.09267e-05 0.0357569 0.00566597 0.999344
175.pcd 53.5633 -18.5283 -0.891002 0.000629991 0.037166 0.00492745 0.999297
176.pcd 53.0441 -18.5351 -0.911374 0.00256774 0.035531 0.00528767 0.999351
177.pcd 52.527 -18.5171 -0.867962 0.00517836 0.0356352 0.00440238 0.999342
178.pcd 52.0012 -18.5087 -0.864521 0.00841464 0.0352063 0.00401832 0.999337
179.pcd 51.485 -18.5008 -0.844068 0.0106172 0.0353888 0.00592795 0.9993
180.pcd 50.9728 -18.4959 -0.826174 0.0131671 0.0357418 0.00578552 0.999258
181.pcd 50.4729 -18.4594 -0.815539 0.0154095 0.032773 0.00758961 0.999315
182.pcd 49.945 -18.4466 -0.797981 0.0188477 0.0343264 0.00761898 0.999204
183.pcd 49.4197 -18.4265 -0.774918 0.0150351 0.0352869 0.00571066 0.999248
184.pcd 48.9078 -18.4257 -0.765626 1.66563e-05 0.0349351 0.00601962 0.999371
185.pcd 48.394 -18.4334 -0.748418 -0.0087671 0.0324364 0.00578259 0.999419
186.pcd 47.892 -18.4432 -0.736485 -0.0102965 0.035044 0.00510236 0.99932
187.pcd 47.3893 -18.4376 -0.710465 -0.00485011 0.0349014 0.00551179 0.999364
188.pcd 46.8888 -18.4283 -0.706705 0.0136711 0.0347383 0.00414265 0.999294
189.pcd 46.3605 -18.4018 -0.682764 0.020541 0.0342099 0.00453407 0.999193
190.pcd 45.8552 -18.3738 -0.664232 0.0268589 0.0339267 0.00457993 0.999053
191.pcd 45.3468 -18.3434 -0.656114 0.0268155 0.0365961 0.00387787 0.998963
192.pcd 44.8466 -18.3208 -0.628438 0.0151399 0.0364622 0.00430109 0.999211
193.pcd 44.3435 -18.3168 -0.618764 0.00435588 0.0333506 0.00660229 0.999412
194.pcd 43.8434 -18.3165 -0.611653 -2.94212e-05 0.0316415 0.00403658 0.999491
195.pcd 43.3221 -18.3126 -0.604851 0.00673503 0.0315169 0.0056807 0.999464
196.pcd 42.7949 -18.2854 -0.583274 0.0136675 0.0301239 0.00699591 0.999428
197.pcd 42.2869 -18.2707 -0.562858 0.011763 0.0315812 0.00500866 0.999419
198.pcd 41.748 -18.2513 -0.552078 0.0118207 0.0272731 0.00570483 0.999542
199.pcd 41.2015 -18.2468 -0.549641 0.00357859 0.0287362 0.00410952 0.999572
200.pcd 40.6697 -18.2562 -0.532092 0.00246516 0.0294979 0.00200152 0.99956
201.pcd 40.1286 -18.2354 -0.522045 0.00859897 0.0302921 0.00444979 0.999494
202.pcd 39.6238 -18.2107 -0.510038 0.0140201 0.0324767 0.00319832 0.999369
203.pcd 39.1062 -18.205 -0.498224 0.018428 0.0312582 0.00389569 0.999334
204.pcd 38.6004 -18.1804 -0.49136 0.0213344 0.0303122 0.00547608 0.999298
205.pcd 38.0666 -18.1536 -0.48243 0.0240133 0.0301791 0.0052839 0.999242
206.pcd 37.5265 -18.1285 -0.473753 0.0176529 0.0315058 0.00408244 0.999339
207.pcd 36.9926 -18.1073 -0.4502 0.0166964 0.02902 0.00294389 0.999435
208.pcd 36.4917 -18.1055 -0.450216 0.0102527 0.0313363 0.00147345 0.999455
209.pcd 35.9597 -18.0879 -0.433555 0.00818625 0.030158 0.00149753 0.99951
210.pcd 35.4133 -18.066 -0.430596 0.0187732 0.0293817 0.000317339 0.999392
211.pcd 34.8879 -18.0311 -0.414465 0.0249636 0.0285409 0.000871507 0.99928
212.pcd 34.3418 -18 -0.38932 0.0280631 0.028959 0.00368811 0.99918
213.pcd 33.8107 -17.9603 -0.376323 0.030623 0.0336136 0.00531884 0.998951
214.pcd 33.308 -17.9265 -0.364194 0.0324944 0.0330788 0.00579353 0.998908
215.pcd 32.768 -17.8863 -0.353577 0.0344647 0.032683 0.00825554 0.998837
216.pcd 32.2324 -17.8432 -0.335255 0.0380688 0.0337186 0.00733908 0.998679
217.pcd 31.6957 -17.7976 -0.325991 0.034533 0.0310856 0.00714213 0.998894
218.pcd 31.1658 -17.7648 -0.308408 0.0220636 0.0324609 0.0098733 0.999181
219.pcd 30.6375 -17.7527 -0.299841 0.0167928 0.032018 0.00990751 0.999297
220.pcd 30.1259 -17.7442 -0.286943 0.0119527 0.0302186 0.00973938 0.999424
221.pcd 29.6102 -17.7267 -0.273914 0.0109238 0.0316029 0.0106613 0.999384
222.pcd 29.0879 -17.7102 -0.26993 0.0131152 0.0320023 0.0110478 0.999341
223.pcd 28.5534 -17.696 -0.263173 0.0153824 0.0297723 0.0122107 0.999364
224.pcd 28.0163 -17.6696 -0.246866 0.0180489 0.0328303 0.0125969 0.999219
225.pcd 27.5056 -17.6568 -0.229243 0.0122448 0.0353761 0.0140393 0.9992
226.pcd 26.9614 -17.6427 -0.212951 0.00860543 0.031436 0.0139127 0.999372
227.pcd 26.4493 -17.6296 -0.200367 0.00951057 0.0339941 0.0132758 0.999289
228.pcd 25.9312 -17.616 -0.182664 0.0114176 0.0320851 0.0146057 0.999313
229.pcd 25.4266 -17.6021 -0.172814 0.0132385 0.0300055 0.0171954 0.999314
230.pcd 24.9222 -17.5829 -0.160392 0.0163027 0.0357809 0.0174353 0.999075
231.pcd 24.3777 -17.559 -0.134111 0.0206187 0.0411953 0.0140872 0.998839
232.pcd 23.8595 -17.5342 -0.108547 0.0242352 0.040542 0.00855886 0.998847
233.pcd 23.3455 -17.5068 -0.0847931 0.027563 0.0345879 0.00209303 0.999019
234.pcd 22.8275 -17.4801 -0.0640191 0.0294501 0.0390733 0.000758555 0.998802
235.pcd 22.3061 -17.4503 -0.0460333 0.0222034 0.0345722 0.00178907 0.999154
236.pcd 21.7669 -17.435 -0.0399186 0.0145813 0.0285066 0.00336761 0.999482
237.pcd 21.2299 -17.4181 -0.0402096 0.0149293 0.0259155 0.00234907 0.99955
238.pcd 20.6921 -17.395 -0.030682 0.0157779 0.0257514 0.00398475 0.999536
239.pcd 20.1763 -17.3723 -0.0201732 0.0173044 0.0253767 0.00604822 0.99951
240.pcd 19.6526 -17.345 -0.0124961 0.0154308 0.0261042 0.00678055 0.999517
241.pcd 19.1387 -17.3341 -0.0121455 0.00551751 0.027189 0.00595023 0.999597
242.pcd 18.5951 -17.3369 0.00111707 -0.00443752 0.0235014 0.0068982 0.99969
243.pcd 18.0804 -17.3457 0.0143805 -0.0132357 0.0269273 0.00690879 0.999526
244.pcd 17.5778 -17.3523 0.0093313 -0.010914 0.0250979 0.00888362 0.999586
245.pcd 17.0484 -17.3565 0.0126963 -0.00535203 0.0225034 0.00759277 0.999704
246.pcd 16.5114 -17.3627 0.0296341 -0.000960231 0.0230227 0.00743657 0.999707
247.pcd 15.9745 -17.3383 0.0206936 0.0216148 0.0250063 0.00837436 0.999419
248.pcd 15.4567 -17.2936 0.0307474 0.0323405 0.0252396 0.00954234 0.999113
249.pcd 14.9329 -17.2668 0.0334877 0.0252709 0.0257063 0.00990199 0.999301
250.pcd 14.4008 -17.246 0.0552274 0.0153932 0.0233698 0.0107807 0.99955
251.pcd 13.8749 -17.2283 0.0420647 0.0121933 0.00649967 0.00881715 0.999866
252.pcd 13.3607 -17.2146 0.0227419 0.0121204 0.00404061 0.00705267 0.999894
253.pcd 12.8165 -17.1963 0.0201716 0.014214 0.0162766 0.00667029 0.999744
254.pcd 12.3019 -17.1728 0.0150818 0.0162006 0.0109612 0.00881818 0.99977
255.pcd 11.7629 -17.1546 0.00750331 0.0186462 0.0164908 0.00686456 0.999667
256.pcd 11.2375 -17.1291 0.00558507 0.0223668 0.0156817 0.00581942 0.99961
257.pcd 10.732 -17.1001 0.00106612 0.024542 0.01081 0.00669193 0.999618
258.pcd 10.1989 -17.073 -0.0166041 0.0201293 0.00800957 0.00509625 0.999752
259.pcd 9.68206 -17.067 -0.0311604 0.00858753 0.00686797 0.00407159 0.999931
260.pcd 9.13638 -17.0597 -0.0376255 0.00266142 0.00947798 0.00373815 0.999945
261.pcd 8.59056 -17.062 -0.0493805 0.000844579 0.0106369 0.0041879 0.999934
262.pcd 8.06084 -17.0572 -0.0569901 0.00164338 0.0109117 0.00276253 0.999935
263.pcd 7.54901 -17.0546 -0.062308 0.00312104 0.0125986 0.00182043 0.999914
264.pcd 7.00831 -17.0474 -0.0725466 0.00501361 0.00944645 0.00421239 0.999934
265.pcd 6.4923 -17.0371 -0.078239 0.00774615 0.0150571 0.00425405 0.999848
266.pcd 5.94598 -17.027 -0.0679621 0.0105304 0.0319736 0.00611896 0.999415
267.pcd 5.43796 -17.0082 -0.0630338 0.013265 0.0244357 0.00917794 0.999571
268.pcd 4.9275 -16.9913 -0.058112 0.0163614 0.0225502 0.0117402 0.999543
269.pcd 4.4174 -16.9676 -0.0542202 0.0191317 0.0228382 0.0141333 0.999456
270.pcd 3.90829 -16.9407 -0.0421608 0.0222606 0.0232734 0.014243 0.99938
271.pcd 3.39468 -16.9142 -0.0340055 0.0255855 0.0238318 0.0148891 0.999278
272.pcd 2.88505 -16.8834 -0.0334856 0.0288634 0.022509 0.0136822 0.999236
273.pcd 2.38589 -16.8475 -0.0329717 0.0319853 0.0238809 0.0108888 0.999144
274.pcd 2.29539 -16.8875 -0.0254665 -0.0694112 0.0189365 0.00599749 0.99739
275.pcd 2.3118 -16.933 -0.0173148 -0.161405 0.0176699 0.00792269 0.986698
276.pcd 2.34283 -16.9749 -0.0162933 -0.251481 0.0178169 0.00827368 0.967663
277.pcd 2.35925 -17.0076 -0.0124912 -0.34237 0.0184443 0.00818032 0.939349
278.pcd 2.40794 -17.0407 -0.0106088 -0.430547 0.019198 0.0087261 0.902322
279.pcd 2.44911 -17.0641 -0.0148695 0.515449 -0.0191269 -0.00905274 -0.856659
280.pcd 2.49225 -17.0707 -0.0111628 0.594466 -0.0182384 -0.0105811 -0.803844
281.pcd 2.53935 -17.0705 -0.00852734 0.666784 -0.0167526 -0.0126221 -0.744956
282.pcd 2.53931 -17.5967 -0.0059952 0.701856 -0.0135854 -0.0126419 -0.712077
283.pcd 2.5456 -18.107 -0.0109127 0.702269 -0.0138536 -0.0124225 -0.711668
284.pcd 2.47317 -18.306 -0.00709441 0.623999 -0.0176028 -0.0126306 -0.781125
285.pcd 2.42947 -18.2936 -0.00582172 0.536559 -0.0193457 -0.0129998 -0.843541
286.pcd 2.38969 -18.27 -0.00929495 -0.442929 0.0193903 0.0143986 0.896231
287.pcd 2.3298 -18.2442 -0.0101198 -0.350249 0.020172 0.0155281 0.936311
288.pcd 2.31183 -18.206 -0.00886098 -0.259102 0.020968 0.0138445 0.965523
289.pcd 2.29984 -18.1591 -0.0135811 -0.169653 0.023001 0.0115718 0.985167
290.pcd 2.28596 -18.1158 -0.0245081 -0.0786253 0.0230726 0.010691 0.99658
291.pcd 1.77619 -18.0644 -0.0222343 0.0063082 0.0208735 0.0139667 0.999665
292.pcd 1.24986 -18.043 -0.0208049 0.0196404 0.0234793 0.0139014 0.999435
293.pcd 0.724089 -18.0086 -0.00686711 0.0299691 0.0212143 0.0147992 0.999216
294.pcd 0.19693 -17.9684 -0.0017568 0.0307618 0.023621 0.0131605 0.999161
295.pcd -0.326818 -17.9525 0.00796179 0.0153083 0.0218078 0.0143868 0.999541
296.pcd -0.842408 -17.9469 0.0168004 0.0013585 0.0212681 0.0167645 0.999632
297.pcd -1.3634 -17.9492 0.0212071 -0.00802531 0.0216231 0.0168733 0.999592
298.pcd -1.88323 -17.9454 0.0184131 -0.0105122 0.0221401 0.0149098 0.999588
299.pcd -2.38308 -17.96 0.0285126 -0.00800441 0.0225312 0.0123956 0.999637
300.pcd -2.8899 -17.959 0.0355985 -0.00732927 0.0214677 0.0113026 0.999679
301.pcd -3.42355 -17.97 0.0517994 -0.004178 0.0184593 0.0116958 0.999752
302.pcd -3.93823 -17.9648 0.0484911 -0.00192807 0.0194817 0.0114614 0.999743
303.pcd -4.44274 -17.9623 0.0590725 0.000260453 0.0217452 0.010442 0.999709
304.pcd -4.97578 -17.9492 0.0631162 0.00374541 0.02218 0.0126858 0.999666
305.pcd -5.50936 -17.938 0.0593095 0.00699869 0.0242927 0.013248 0.999593
306.pcd -6.04653 -17.9264 0.0608403 0.0103719 0.02294 0.0126734 0.999603
307.pcd -6.57123 -17.9076 0.0604724 0.0134661 0.0224318 0.0129913 0.999573
308.pcd -7.07531 -17.8903 0.0676879 0.0163468 0.0219519 0.014436 0.999521
309.pcd -7.60965 -17.8674 0.0772026 0.0201543 0.0211481 0.0140285 0.999475
310.pcd -7.84316 -17.9034 0.0971948 -0.0816369 0.0170738 0.00948108 0.996471
311.pcd -7.82347 -17.9552 0.095615 -0.1819 0.0164584 0.00986901 0.98313
312.pcd -7.79884 -18.0045 0.0990518 -0.279398 0.0163399 0.0109077 0.959974
313.pcd -7.7745 -18.0447 0.0942516 -0.373216 0.0166265 0.0110882 0.927529
314.pcd -7.73771 -18.0761 0.0980718 -0.461682 0.0192456 0.0136088 0.886732
315.pcd -7.6889 -18.0871 0.0952115 0.544191 -0.0192623 -0.0150485 -0.838605
316.pcd -7.63205 -18.098 0.0958403 0.61782 -0.0186128 -0.0164937 -0.785926
317.pcd -7.58856 -18.1036 0.0914408 0.685386 -0.0175081 -0.015149 -0.727812
318.pcd -7.56632 -18.6193 0.093755 0.709331 -0.00770278 -0.0144782 -0.704685
319.pcd -7.60918 -18.7981 0.0945057 0.643079 -0.00948357 -0.0147049 -0.7656
320.pcd -7.64142 -18.7933 0.101306 0.566008 -0.0105504 -0.0125121 -0.824237
321.pcd -7.68078 -18.7736 0.0944151 -0.485595 0.0116727 0.00940348 0.874055
322.pcd -7.7105 -18.7468 0.0832496 -0.393349 0.0145678 0.00965429 0.919223
323.pcd -7.75967 -18.7068 0.0798891 -0.298869 0.0150951 0.008105 0.95414
324.pcd -7.78811 -18.6738 0.0879366 -0.202477 0.0176701 0.00338141 0.979122
325.pcd -7.80414 -18.6352 0.0813018 -0.111198 0.0185999 0.00271678 0.993621
326.pcd -7.80602 -18.5803 0.0891317 -0.0133346 0.0166775 0.00339818 0.999766
327.pcd -8.33253 -18.5696 0.08447 0.00503319 0.0209507 0.00539473 0.999753
328.pcd -8.87064 -18.5546 0.0932262 0.00938567 0.025843 0.00538758 0.999607
329.pcd -9.38929 -18.5389 0.0977079 0.0140458 0.0232407 0.00460571 0.999621
330.pcd -9.92575 -18.5182 0.0987463 0.0178334 0.0216094 0.00316926 0.999602
331.pcd -10.4278 -18.4938 0.114129 0.0202084 0.0218321 0.00242864 0.999554
332.pcd -10.9391 -18.4678 0.107918 0.0241153 0.0228782 0.00364889 0.999441
333.pcd -11.4552 -18.436 0.117192 0.0279182 0.0220235 0.00463992 0.999357
334.pcd -11.9663 -18.417 0.134398 0.0183268 0.0228145 0.00470789 0.999561
335.pcd -12.478 -18.411 0.134518 -0.00449926 0.0219638 0.00429561 0.999739
336.pcd -12.9805 -18.4236 0.147936 -0.017613 0.0264275 0.00586955 0.999478
337.pcd -13.4943 -18.4433 0.149922 -0.022857 0.0202281 0.0056999 0.999518
338.pcd -14.0505 -18.4523 0.15698 -0.0158558 0.0238485 0.00836187 0.999555
339.pcd -14.5731 -18.4552 0.168935 0.00479549 0.0228909 0.00859409 0.99969
340.pcd -15.0859 -18.4339 0.171931 0.0169088 0.0223655 0.00688534 0.999583
341.pcd -15.5876 -18.4157 0.172651 0.0259273 0.0197403 0.00472885 0.999458
342.pcd -16.1028 -18.3781 0.178612 0.0328315 0.0197252 0.0050237 0.999254
343.pcd -16.5311 -18.3175 0.194732 0.130538 0.0222809 0.00552601 0.991177
344.pcd -16.5088 -18.2748 0.188969 0.234241 0.0228556 0.00320514 0.971905
345.pcd -16.4801 -18.2326 0.188622 0.339556 0.021511 0.00209863 0.940338
346.pcd -16.4543 -18.1943 0.188096 0.438913 0.0203759 -0.00127769 0.898298
347.pcd -16.4193 -18.1701 0.191039 0.530474 0.017891 -0.00249446 0.847509
348.pcd -16.3802 -18.1627 0.186165 0.616742 0.0166887 -0.00432762 0.786976
349.pcd -16.3477 -18.1671 0.191963 0.689079 0.015316 -0.00605696 0.724499
350.pcd -16.3596 -17.6607 0.192049 0.705238 0.0165722 -0.00496753 0.708759
351.pcd -16.3561 -17.1604 0.189694 0.706854 0.0173216 -0.00545976 0.707127
352.pcd -16.3373 -16.6447 0.183391 0.708684 0.0176166 -0.00353048 0.705297
353.pcd -16.3428 -16.1436 0.181447 0.710557 0.0179334 -0.00380639 0.7034
354.pcd -16.3339 -15.6258 0.176954 0.719838 0.0148527 -0.000595675 0.693983
355.pcd -16.2942 -15.1001 0.164929 0.727722 0.016587 -0.000634666 0.685671
356.pcd -16.2588 -14.5604 0.158958 0.731071 0.0209411 -0.00168662 0.681978
357.pcd -16.2133 -14.0315 0.166903 0.734636 0.0256075 -0.0094593 0.677912
358.pcd -16.1636 -13.5197 0.163217 0.73711 0.0212889 -0.00492819 0.67542
359.pcd -16.1113 -13.0112 0.157677 0.739047 0.0211511 -0.00481805 0.673304
360.pcd -16.0728 -12.4871 0.162626 0.741308 0.0209695 -0.00526898 0.670817
361.pcd -16.0069 -11.9823 0.159452 0.742981 0.0203827 -0.00406043 0.66899
362.pcd -15.9539 -11.4756 0.16158 0.744549 0.0209995 -0.00353193 0.667228
363.pcd -15.9123 -10.9711 0.152741 0.729985 0.0216833 -0.00400508 0.683108
364.pcd -15.8968 -10.4651 0.159106 0.71103 0.021863 -0.00351322 0.702813
365.pcd -15.9083 -9.91737 0.160143 0.706289 0.0218903 -0.00538625 0.707565
366.pcd -15.8909 -9.40331 0.160505 0.706844 0.0226774 -0.00128005 0.707004
367.pcd -15.8913 -8.89681 0.162994 0.709045 0.02198 -0.00394791 0.704809
368.pcd -15.8828 -8.39372 0.160869 0.711009 0.0206124 -0.00140539 0.702879
369.pcd -15.8854 -7.88479 0.158304 0.713039 0.0214575 0.00012358 0.700796
370.pcd -15.862 -7.37567 0.159986 0.714437 0.0279597 -0.00345636 0.699133
371.pcd -15.8324 -6.86679 0.165702 0.716148 0.0273547 -0.00171932 0.69741
372.pcd -15.8282 -6.35991 0.163671 0.718719 0.0237884 -0.00326832 0.694885
373.pcd -15.8054 -5.84516 0.165082 0.719916 0.0220685 -0.00291562 0.693704
374.pcd -15.7725 -5.24314 0.162653 0.72269 0.0219754 -0.00250945 0.690818
375.pcd -15.8165 -4.96916 0.162264 0.658468 0.0180219 -0.00595831 0.75237
376.pcd -15.8752 -4.98593 0.163099 0.572814 0.0192666 -0.00584572 0.819438
377.pcd -15.9182 -5.01483 0.163702 0.479228 0.0204959 -0.00589916 0.877431
378.pcd -15.9411 -5.03006 0.161806 0.394342 0.0203891 -0.0041033 0.918729
379.pcd -15.9596 -5.07668 0.168383 0.306937 0.0220237 -0.00497104 0.951462
380.pcd -15.9935 -5.24459 0.172584 -0.0215605 0.0259294 0.00298124 0.999427
381.pcd -16.526 -5.18004 0.162553 0.0357082 0.020708 0.00584917 0.999131
382.pcd -17.0342 -5.14986 0.170378 0.0258725 0.0247822 0.0070802 0.999333
383.pcd -17.5453 -5.13599 0.184776 0.00352945 0.0270564 0.00908652 0.999586
384.pcd -18.0759 -5.14139 0.188762 -0.0115528 0.0242982 0.0100245 0.999588
385.pcd -18.581 -5.15867 0.19906 -0.0163314 0.0242113 0.00832189 0.999539
